freq, ADC_open, voltage_open
25, 114, 0.09377
26, 121, 0.09768
27, 117, 0.09377
28, 118, 0.09377
29, 104, 0.09143
30, 105, 0.09143
31, 105, 0.07893
32, 104, 0.07736
33, 106, 0.08127
34, 103, 0.08440
35, 94, 0.07893
36, 100, 0.08440
37, 95, 0.08049
38, 102, 0.07267
39, 99, 0.07893
40, 91, 0.07736
41, 99, 0.06877
42, 97, 0.07893
43, 90, 0.07658
44, 95, 0.07424
45, 97, 0.07658
46, 97, 0.06720
47, 98, 0.07580
48, 89, 0.07971
49, 93, 0.07346
50, 96, 0.07189
51, 89, 0.07736
52, 98, 0.07033
53, 91, 0.07346
54, 92, 0.06877
55, 96, 0.07267
56, 89, 0.06877
57, 88, 0.07033
58, 90, 0.07111
59, 91, 0.07111
60, 87, 0.06877
61, 85, 0.06408
62, 89, 0.06408
63, 87, 0.06330
64, 83, 0.06330
65, 81, 0.06330
66, 85, 0.06252
67, 86, 0.06330
68, 78, 0.06408
69, 81, 0.06330
70, 78, 0.06330
71, 83, 0.06330
72, 80, 0.06564
73, 78, 0.06408
74, 78, 0.06564
75, 84, 0.06486
76, 82, 0.06486
77, 76, 0.05861
78, 79, 0.06252
79, 81, 0.06173
80, 76, 0.06095
81, 79, 0.05861
82, 79, 0.05939
83, 78, 0.06095
84, 79, 0.06173
85, 77, 0.06252
86, 80, 0.06017
87, 76, 0.06252
88, 77, 0.06408
89, 76, 0.06017
90, 77, 0.06017
91, 74, 0.06252
92, 74, 0.05783
93, 78, 0.05783
94, 75, 0.05939
95, 78, 0.06017
96, 81, 0.06252
97, 82, 0.06252
98, 78, 0.06095
99, 81, 0.06173
100, 77, 0.06408
101, 79, 0.05861
102, 80, 0.06095
103, 75, 0.06095
104, 80, 0.06095
105, 79, 0.06173
106, 78, 0.06095
107, 74, 0.05783
108, 78, 0.05939
109, 76, 0.05783
110, 74, 0.06017
111, 75, 0.05626
112, 78, 0.05783
113, 74, 0.05861
114, 74, 0.05626
115, 70, 0.05470
116, 70, 0.05236
117, 71, 0.05470
118, 69, 0.05158
119, 69, 0.05470
120, 67, 0.05158
121, 66, 0.05314
122, 70, 0.05392
123, 67, 0.05314
124, 68, 0.05392
125, 65, 0.05079
126, 68, 0.05158
127, 69, 0.05079
128, 68, 0.05079
129, 65, 0.05158
130, 68, 0.05158
131, 67, 0.05314
132, 66, 0.05236
133, 66, 0.05236
134, 65, 0.05236
135, 64, 0.05236
136, 65, 0.05079
137, 66, 0.05079
138, 63, 0.05001
139, 66, 0.05158
140, 66, 0.05158
141, 67, 0.05001
142, 64, 0.04845
143, 64, 0.05001
144, 64, 0.04845
145, 62, 0.04923
146, 66, 0.05001
147, 62, 0.05079
148, 62, 0.05236
149, 64, 0.04923
150, 63, 0.05079
151, 63, 0.05079
152, 66, 0.05001
153, 62, 0.04923
154, 61, 0.04767
155, 63, 0.04689
156, 64, 0.05001
157, 61, 0.05001
158, 61, 0.04845
159, 64, 0.04845
160, 61, 0.04767
161, 60, 0.04689
162, 62, 0.04767
163, 61, 0.04689
164, 61, 0.04767
165, 61, 0.04845
166, 64, 0.04845
167, 64, 0.05001
168, 64, 0.04845
169, 63, 0.04845
170, 62, 0.04767
171, 61, 0.04845
172, 59, 0.04767
173, 64, 0.05001
174, 61, 0.04689
175, 64, 0.04767
176, 59, 0.04767
177, 59, 0.04767
178, 60, 0.04845
179, 61, 0.04689
180, 60, 0.04611
181, 60, 0.04767
182, 58, 0.04532
183, 61, 0.04532
184, 61, 0.04611
185, 60, 0.05001
186, 59, 0.04845
187, 63, 0.04767
188, 66, 0.05158
189, 68, 0.05158
190, 67, 0.05392
191, 67, 0.05158
192, 69, 0.05314
193, 70, 0.05314
194, 69, 0.05236
195, 68, 0.05314
196, 68, 0.05470
197, 67, 0.05314
198, 66, 0.05314
199, 68, 0.05236
200, 68, 0.05236
201, 67, 0.05236
202, 66, 0.05236
203, 67, 0.05314
204, 66, 0.05158
205, 67, 0.05079
206, 66, 0.05079
207, 65, 0.05079
208, 64, 0.05158
209, 64, 0.04923
210, 64, 0.05001
211, 62, 0.05001
212, 62, 0.04845
213, 61, 0.04845
214, 60, 0.04923
215, 60, 0.04845
216, 62, 0.04611
217, 60, 0.04923
218, 60, 0.04689
219, 59, 0.04611
220, 59, 0.04767
221, 59, 0.04767
222, 61, 0.04611
223, 59, 0.04611
224, 59, 0.04689
225, 58, 0.04611
226, 60, 0.04767
227, 63, 0.04689
228, 59, 0.04689
229, 59, 0.04611
230, 55, 0.04532
231, 57, 0.04376
232, 58, 0.04611
233, 57, 0.04454
234, 58, 0.04532
235, 56, 0.04454
236, 56, 0.04454
237, 56, 0.04454
238, 56, 0.04532
239, 55, 0.04376
240, 56, 0.04376
241, 56, 0.04298
242, 57, 0.04298
243, 56, 0.04298
244, 56, 0.04298
245, 55, 0.04142
246, 56, 0.04298
247, 55, 0.04220
248, 55, 0.04298
249, 54, 0.04063
250, 54, 0.04220
251, 52, 0.04220
252, 53, 0.04063
253, 54, 0.04063
254, 51, 0.03907
255, 51, 0.03985
256, 50, 0.03985
257, 50, 0.03907
258, 47, 0.03829
259, 49, 0.03751
260, 47, 0.03751
261, 47, 0.03751
262, 46, 0.03673
263, 46, 0.03516
264, 45, 0.03516
265, 45, 0.03438
266, 43, 0.03360
267, 43, 0.03360
268, 42, 0.03282
269, 42, 0.03282
270, 40, 0.03204
271, 40, 0.03048
272, 39, 0.03048
273, 38, 0.02891
274, 38, 0.03048
275, 37, 0.02813
276, 36, 0.02813
277, 36, 0.02813
278, 36, 0.02813
279, 37, 0.02813
280, 36, 0.02813
281, 36, 0.02735
282, 37, 0.02813
283, 34, 0.02891
284, 35, 0.02735
285, 37, 0.02735
286, 33, 0.02657
287, 34, 0.02735
288, 35, 0.02657
289, 34, 0.02735
290, 33, 0.02735
291, 34, 0.02579
292, 34, 0.02735
293, 33, 0.02657
294, 32, 0.02657
295, 32, 0.02579
296, 31, 0.02501
297, 29, 0.02344
298, 30, 0.02344
299, 29, 0.02344
300, 29, 0.02266
301, 29, 0.02344
302, 28, 0.02266
303, 28, 0.02188
304, 29, 0.02188
305, 26, 0.02110
306, 27, 0.01954
307, 25, 0.02032
308, 27, 0.02032
309, 27, 0.01954
310, 25, 0.02110
311, 25, 0.01954
312, 25, 0.01954
313, 25, 0.01954
314, 24, 0.01875
315, 26, 0.01797
316, 23, 0.02032
317, 25, 0.01954
318, 25, 0.02032
319, 24, 0.01875
320, 25, 0.01954
321, 25, 0.01954
322, 24, 0.01875
323, 25, 0.01797
324, 24, 0.01797
325, 26, 0.01875
326, 23, 0.01875
327, 24, 0.02032
328, 25, 0.01954
329, 25, 0.01954
330, 25, 0.01954
331, 23, 0.01954
332, 24, 0.01875
333, 24, 0.01954
334, 24, 0.01954
335, 24, 0.01875
336, 25, 0.01875
337, 23, 0.01797
338, 22, 0.01797
339, 24, 0.01641
340, 23, 0.01797
341, 22, 0.01719
342, 21, 0.01719
343, 22, 0.01719
344, 21, 0.01641
345, 21, 0.01641
346, 19, 0.01563
347, 20, 0.01563
348, 20, 0.01563
349, 19, 0.01407
350, 20, 0.01563
351, 17, 0.01407
352, 17, 0.01250
353, 16, 0.01407
354, 16, 0.01328
355, 14, 0.01094
356, 14, 0.01172
357, 16, 0.01172
358, 13, 0.01172
359, 11, 0.01016
360, 13, 0.00938
361, 11, 0.00860
362, 12, 0.00860
363, 9, 0.00860
364, 10, 0.00860
365, 10, 0.00781
366, 8, 0.00703
367, 10, 0.00703
368, 9, 0.00781
369, 9, 0.00703
370, 8, 0.00625
371, 9, 0.00703
372, 10, 0.00703
373, 10, 0.00781
374, 11, 0.00781
375, 11, 0.00938
376, 13, 0.01016
377, 14, 0.01094
378, 15, 0.00938
379, 13, 0.00938
380, 15, 0.01172
381, 15, 0.01172
382, 14, 0.01172
383, 14, 0.01172
384, 15, 0.01094
385, 16, 0.01250
386, 15, 0.01250
387, 15, 0.01250
388, 16, 0.01172
389, 16, 0.01250
390, 16, 0.01328
391, 17, 0.01172
392, 15, 0.01328
393, 17, 0.01328
394, 15, 0.01407
395, 17, 0.01250
396, 17, 0.01407
397, 16, 0.01328
398, 16, 0.01250
399, 16, 0.01328
400, 17, 0.01250
401, 17, 0.01328
402, 17, 0.01485
403, 19, 0.01328
404, 18, 0.01485
405, 18, 0.01407
406, 18, 0.01407
407, 19, 0.01485
408, 17, 0.01407
409, 19, 0.01407
410, 19, 0.01407
411, 19, 0.01485
412, 18, 0.01563
413, 18, 0.01485
414, 20, 0.01485
415, 18, 0.01563
416, 19, 0.01407
417, 19, 0.01563
418, 20, 0.01563
419, 20, 0.01563
420, 20, 0.01563
421, 21, 0.01641
422, 23, 0.01719
423, 22, 0.01797
424, 22, 0.01641
425, 23, 0.01797
426, 22, 0.01797
427, 23, 0.01719
428, 25, 0.01954
429, 26, 0.01954
430, 25, 0.02032
431, 24, 0.02032
432, 25, 0.01954
433, 24, 0.02032
434, 26, 0.02032
435, 26, 0.02110
436, 27, 0.02110
437, 27, 0.02110
438, 27, 0.02032
439, 27, 0.02110
440, 29, 0.02188
441, 29, 0.02344
442, 30, 0.02422
443, 30, 0.02422
444, 30, 0.02266
445, 31, 0.02501
446, 31, 0.02579
447, 31, 0.02657
448, 34, 0.02579
449, 33, 0.02735
450, 34, 0.02657
451, 35, 0.02813
452, 35, 0.02657
453, 36, 0.02813
454, 36, 0.02813
455, 36, 0.02735
456, 37, 0.02891
457, 37, 0.02891
458, 37, 0.02813
459, 37, 0.02969
460, 39, 0.02891
461, 38, 0.02969
462, 39, 0.03126
463, 41, 0.03048
464, 40, 0.03048
465, 42, 0.03126
466, 41, 0.03126
467, 41, 0.03126
468, 41, 0.03126
469, 40, 0.03282
470, 42, 0.03282
471, 41, 0.03282
472, 41, 0.03438
473, 44, 0.03282
474, 43, 0.03282
475, 43, 0.03360
476, 42, 0.03282
477, 43, 0.03360
478, 43, 0.03438
479, 43, 0.03360
480, 43, 0.03516
481, 44, 0.03595
482, 44, 0.03360
483, 44, 0.03438
484, 43, 0.03595
485, 47, 0.03516
486, 47, 0.03516
487, 46, 0.03673
488, 43, 0.03595
489, 45, 0.03751
490, 46, 0.03595
491, 45, 0.03438
492, 46, 0.03595
493, 45, 0.03595
494, 44, 0.03595
495, 46, 0.03595
496, 47, 0.03673
497, 47, 0.03751
498, 49, 0.03595
499, 48, 0.03751
500, 47, 0.03907
501, 48, 0.03829
502, 50, 0.03829
503, 48, 0.03985
504, 50, 0.03985
505, 50, 0.03829
506, 49, 0.03985
507, 52, 0.04142
508, 52, 0.03829
509, 52, 0.03985
510, 52, 0.04063
511, 52, 0.04220
512, 53, 0.04298
513, 53, 0.04298
514, 56, 0.04142
515, 57, 0.04532
516, 57, 0.04532
517, 55, 0.04376
518, 58, 0.04454
519, 58, 0.04376
520, 58, 0.04454
521, 57, 0.04611
522, 58, 0.04532
523, 59, 0.04767
524, 60, 0.04611
525, 57, 0.04767
526, 58, 0.04689
527, 59, 0.04611
528, 62, 0.04923
529, 63, 0.04611
530, 61, 0.04689
531, 64, 0.04611
532, 64, 0.05001
533, 63, 0.04845
534, 61, 0.04923
535, 65, 0.04767
536, 61, 0.04845
537, 63, 0.05158
538, 62, 0.05001
539, 62, 0.05158
540, 66, 0.04845
541, 63, 0.04845
542, 64, 0.04845
543, 63, 0.04845
544, 62, 0.05236
545, 64, 0.05236
546, 68, 0.04923
547, 66, 0.04845
548, 67, 0.05158
549, 64, 0.05158
550, 64, 0.04845
551, 62, 0.05236
552, 66, 0.05001
553, 67, 0.05470
554, 63, 0.05314
555, 69, 0.05079
556, 67, 0.05470
557, 65, 0.05236
558, 69, 0.05392
559, 69, 0.05548
560, 67, 0.05392
561, 72, 0.05548
562, 67, 0.05314
563, 69, 0.05626
564, 72, 0.05626
565, 69, 0.05314
566, 74, 0.05626
567, 70, 0.05314
568, 72, 0.05626
569, 74, 0.05705
570, 71, 0.05705
571, 72, 0.05783
572, 75, 0.05626
573, 72, 0.05783
574, 72, 0.05626
575, 70, 0.05783
576, 75, 0.05626
577, 74, 0.05861
578, 74, 0.05783
579, 75, 0.05861
580, 76, 0.05783
581, 74, 0.05861
582, 75, 0.06017
583, 77, 0.05939
584, 74, 0.05861
585, 77, 0.06095
586, 77, 0.06017
587, 78, 0.06095
588, 76, 0.06017
589, 79, 0.06095
590, 77, 0.06252
591, 80, 0.06173
592, 77, 0.06252
593, 78, 0.06173
594, 80, 0.06173
595, 79, 0.06252
596, 80, 0.06330
597, 80, 0.06252
598, 78, 0.06330
599, 79, 0.06252
600, 80, 0.06252
601, 81, 0.06252
602, 79, 0.06252
603, 80, 0.06252
604, 80, 0.06330
605, 80, 0.06330
606, 80, 0.06330
607, 80, 0.06408
608, 80, 0.06330
609, 80, 0.06252
610, 81, 0.06252
611, 81, 0.06252
612, 81, 0.06173
613, 81, 0.06252
614, 80, 0.06252
615, 81, 0.06252
616, 80, 0.06330
617, 80, 0.06252
618, 79, 0.06173
619, 79, 0.06173
620, 80, 0.06173
621, 78, 0.06252
622, 79, 0.06252
623, 80, 0.06173
624, 79, 0.06173
625, 77, 0.06095
626, 78, 0.06017
627, 78, 0.06173
628, 79, 0.06017
629, 77, 0.05939
630, 78, 0.06017
631, 78, 0.06017
632, 78, 0.05939
633, 76, 0.05939
634, 76, 0.06017
635, 76, 0.06095
636, 77, 0.06017
637, 76, 0.06017
638, 75, 0.05939
639, 75, 0.05861
640, 74, 0.05939
641, 75, 0.05783
642, 74, 0.05783
643, 74, 0.05705
644, 72, 0.05783
645, 72, 0.05705
646, 73, 0.05626
647, 71, 0.05626
648, 72, 0.05626
649, 71, 0.05626
650, 71, 0.05470
651, 71, 0.05626
652, 70, 0.05392
653, 70, 0.05470
654, 69, 0.05392
655, 69, 0.05470
656, 70, 0.05470
657, 69, 0.05314
658, 69, 0.05470
659, 69, 0.05470
660, 69, 0.05314
661, 69, 0.05392
662, 70, 0.05392
663, 71, 0.05548
664, 71, 0.05705
665, 72, 0.05626
666, 72, 0.05705
667, 72, 0.05705
668, 72, 0.05548
669, 73, 0.05705
670, 73, 0.05783
671, 74, 0.05783
672, 74, 0.05705
673, 73, 0.05783
674, 73, 0.05783
675, 74, 0.05783
676, 75, 0.05705
677, 74, 0.05861
678, 75, 0.05783
679, 75, 0.05861
680, 74, 0.05783
681, 74, 0.05783
682, 75, 0.05861
683, 75, 0.05861
684, 75, 0.05861
685, 74, 0.05861
686, 75, 0.05861
687, 74, 0.05861
688, 74, 0.05861
689, 75, 0.05861
690, 75, 0.05861
691, 75, 0.05861
692, 74, 0.05861
693, 74, 0.05861
694, 75, 0.05861
695, 74, 0.05783
696, 74, 0.05861
697, 74, 0.05861
698, 74, 0.05783
699, 75, 0.05783
700, 74, 0.05783
701, 74, 0.05705
702, 73, 0.05861
703, 75, 0.05783
704, 74, 0.05705
705, 73, 0.05705
706, 72, 0.05705
707, 72, 0.05626
708, 72, 0.05626
709, 73, 0.05705
710, 72, 0.05705
711, 72, 0.05626
712, 72, 0.05548
713, 72, 0.05548
714, 71, 0.05548
715, 71, 0.05626
716, 70, 0.05548
717, 71, 0.05548
718, 71, 0.05626
719, 69, 0.05470
720, 69, 0.05470
721, 70, 0.05392
722, 69, 0.05314
723, 68, 0.05392
724, 67, 0.05314
725, 67, 0.05236
726, 68, 0.05314
727, 67, 0.05314
728, 66, 0.05236
729, 67, 0.05158
730, 66, 0.05158
731, 65, 0.05079
732, 65, 0.05158
733, 66, 0.05079
734, 64, 0.05001
735, 64, 0.05001
736, 63, 0.05001
737, 63, 0.05001
738, 63, 0.04923
739, 63, 0.04845
740, 61, 0.04767
741, 61, 0.04845
742, 62, 0.04611
743, 61, 0.04689
744, 59, 0.04611
745, 59, 0.04689
746, 59, 0.04611
747, 58, 0.04611
748, 58, 0.04454
749, 56, 0.04454
750, 57, 0.04532
751, 57, 0.04454
752, 57, 0.04532
753, 56, 0.04298
754, 54, 0.04298
755, 55, 0.04298
756, 54, 0.04298
757, 55, 0.04142
758, 53, 0.04142
759, 53, 0.04142
760, 53, 0.04142
761, 52, 0.04063
762, 53, 0.04063
763, 51, 0.04142
764, 51, 0.04063
765, 50, 0.03985
766, 51, 0.03907
767, 50, 0.03907
768, 50, 0.03829
769, 49, 0.03829
770, 48, 0.03907
771, 47, 0.03829
772, 48, 0.03751
773, 48, 0.03673
774, 47, 0.03829
775, 48, 0.03751
776, 47, 0.03673
777, 46, 0.03673
778, 48, 0.03595
779, 45, 0.03438
780, 46, 0.03516
781, 45, 0.03516
782, 45, 0.03360
783, 43, 0.03360
784, 45, 0.03360
785, 43, 0.03360
786, 44, 0.03360
787, 44, 0.03438
788, 43, 0.03360
789, 42, 0.03360
790, 43, 0.03360
791, 42, 0.03282
792, 42, 0.03282
793, 43, 0.03360
794, 42, 0.03282
795, 43, 0.03360
796, 42, 0.03360
797, 42, 0.03204
798, 42, 0.03360
799, 43, 0.03360
800, 42, 0.03282
801, 44, 0.03282
802, 43, 0.03282
803, 43, 0.03438
804, 43, 0.03282
805, 43, 0.03360
806, 44, 0.03438
807, 43, 0.03360
808, 43, 0.03438
809, 43, 0.03360
810, 42, 0.03360
811, 43, 0.03438
812, 43, 0.03438
813, 43, 0.03282
814, 44, 0.03438
815, 43, 0.03360
816, 43, 0.03438
817, 43, 0.03438
818, 43, 0.03438
819, 44, 0.03360
820, 44, 0.03516
821, 44, 0.03516
822, 44, 0.03438
823, 45, 0.03516
824, 45, 0.03516
825, 44, 0.03516
826, 44, 0.03360
827, 43, 0.03360
828, 45, 0.03438
829, 43, 0.03360
830, 44, 0.03438
831, 45, 0.03438
832, 44, 0.03438
833, 43, 0.03360
834, 43, 0.03360
835, 44, 0.03438
836, 44, 0.03360
837, 43, 0.03360
838, 43, 0.03360
839, 43, 0.03438
840, 42, 0.03360
841, 43, 0.03360
842, 41, 0.03282
843, 42, 0.03282
844, 43, 0.03282
845, 42, 0.03282
846, 43, 0.03282
847, 42, 0.03126
848, 41, 0.03204
849, 41, 0.03126
850, 40, 0.03126
851, 41, 0.03126
852, 40, 0.03126
853, 41, 0.03048
854, 40, 0.03048
855, 39, 0.03048
856, 39, 0.03048
857, 38, 0.02969
858, 38, 0.03048
859, 36, 0.02891
860, 37, 0.02891
861, 35, 0.02891
862, 36, 0.02813
863, 36, 0.02735
864, 35, 0.02735
865, 35, 0.02735
866, 34, 0.02735
867, 35, 0.02657
868, 33, 0.02657
869, 32, 0.02579
870, 34, 0.02501
871, 33, 0.02501
872, 33, 0.02501
873, 32, 0.02344
874, 31, 0.02422
875, 31, 0.02501
876, 32, 0.02501
877, 31, 0.02344
878, 30, 0.02344
879, 31, 0.02344
880, 30, 0.02344
881, 30, 0.02344
882, 29, 0.02266
883, 27, 0.02344
884, 29, 0.02266
885, 29, 0.02266
886, 29, 0.02266
887, 29, 0.02266
888, 27, 0.02188
889, 27, 0.02188
890, 29, 0.02188
891, 27, 0.02110
892, 27, 0.02110
893, 27, 0.02110
894, 27, 0.02032
895, 27, 0.02110
896, 26, 0.02110
897, 27, 0.02032
898, 27, 0.02032
899, 26, 0.02032
900, 26, 0.02032
901, 25, 0.01954
902, 26, 0.01954
903, 25, 0.01954
904, 24, 0.01797
905, 24, 0.01875
906, 24, 0.01875
907, 25, 0.01797
908, 25, 0.01954
909, 23, 0.01875
910, 23, 0.01797
911, 23, 0.01797
912, 22, 0.01797
913, 23, 0.01875
914, 23, 0.01719
915, 22, 0.01641
916, 22, 0.01797
917, 22, 0.01797
918, 24, 0.01719
919, 21, 0.01719
920, 22, 0.01641
921, 22, 0.01641
922, 22, 0.01719
923, 21, 0.01641
924, 21, 0.01641
925, 20, 0.01641
926, 21, 0.01563
927, 20, 0.01641
928, 20, 0.01641
929, 20, 0.01563
930, 20, 0.01485
931, 20, 0.01485
932, 19, 0.01485
933, 20, 0.01563
934, 19, 0.01563
935, 19, 0.01563
936, 20, 0.01563
937, 20, 0.01563
938, 20, 0.01563
939, 20, 0.01485
940, 20, 0.01563
941, 20, 0.01641
942, 20, 0.01563
943, 20, 0.01641
944, 20, 0.01641
945, 21, 0.01641
946, 21, 0.01719
947, 21, 0.01641
948, 21, 0.01641
949, 21, 0.01719
950, 21, 0.01719
951, 21, 0.01719
952, 22, 0.01719
953, 22, 0.01719
954, 23, 0.01797
955, 23, 0.01797
956, 23, 0.01797
957, 24, 0.01719
958, 23, 0.01797
959, 23, 0.01875
960, 24, 0.01797
961, 24, 0.01954
962, 25, 0.01875
963, 25, 0.01954
964, 25, 0.01954
965, 25, 0.01954
966, 24, 0.02032
967, 25, 0.01954
968, 26, 0.02032
969, 26, 0.02032
970, 26, 0.02110
971, 26, 0.02188
972, 27, 0.02188
973, 27, 0.02110
974, 26, 0.02110
975, 28, 0.02188
976, 28, 0.02266
977, 28, 0.02266
978, 29, 0.02266
979, 28, 0.02344
980, 29, 0.02110
981, 29, 0.02266
982, 30, 0.02344
983, 29, 0.02344
984, 27, 0.02266
985, 29, 0.02266
986, 30, 0.02266
987, 29, 0.02266
988, 29, 0.02344
989, 30, 0.02266
990, 29, 0.02344
991, 30, 0.02344
992, 30, 0.02344
993, 30, 0.02422
994, 29, 0.02422
995, 31, 0.02266
996, 30, 0.02266
997, 29, 0.02344
998, 31, 0.02344
999, 29, 0.02422
1000, 30, 0.02266
1001, 30, 0.02422
1002, 30, 0.02344
1003, 30, 0.02344
1004, 30, 0.02266
1005, 29, 0.02344
1006, 30, 0.02266
1007, 29, 0.02266
1008, 29, 0.02266
1009, 30, 0.02188
1010, 29, 0.02266
1011, 29, 0.02188
1012, 29, 0.02266
1013, 29, 0.02266
1014, 28, 0.02110
1015, 29, 0.02188
1016, 28, 0.02188
1017, 27, 0.02110
1018, 28, 0.02188
1019, 27, 0.02188
1020, 29, 0.02188
1021, 26, 0.02110
1022, 27, 0.02110
1023, 27, 0.02110
1024, 27, 0.02110
1025, 27, 0.02032
1026, 26, 0.02032
1027, 27, 0.02032
1028, 26, 0.02032
1029, 26, 0.02032
1030, 25, 0.01954
1031, 25, 0.02032
1032, 25, 0.01875
1033, 25, 0.01875
1034, 24, 0.01954
1035, 24, 0.01797
1036, 23, 0.01875
1037, 22, 0.01797
1038, 22, 0.01875
1039, 23, 0.01797
1040, 21, 0.01797
1041, 23, 0.01797
1042, 22, 0.01641
1043, 21, 0.01641
1044, 20, 0.01641
1045, 21, 0.01641
1046, 20, 0.01485
1047, 20, 0.01485
1048, 20, 0.01485
1049, 20, 0.01407
1050, 19, 0.01407
1051, 18, 0.01407
1052, 18, 0.01250
1053, 17, 0.01407
1054, 16, 0.01250
1055, 16, 0.01250
1056, 16, 0.01250
1057, 14, 0.01172
1058, 14, 0.01172
1059, 14, 0.01016
1060, 14, 0.01094
1061, 11, 0.00938
1062, 12, 0.00938
1063, 12, 0.00781
1064, 10, 0.00781
1065, 10, 0.00703
1066, 10, 0.00703
1067, 8, 0.00625
1068, 7, 0.00625
1069, 7, 0.00625
1070, 7, 0.00391
1071, 5, 0.00469
1072, 5, 0.00469
1073, 5, 0.00313
1074, 4, 0.00391
1075, 4, 0.00234
1076, 4, 0.00313
1077, 4, 0.00156
1078, 3, 0.00156
1079, 2, 0.00078
1080, 1, 0.00078
1081, 0, 0.00000
1082, 0, 0.00078
1083, 0, 0.00000
1084, 0, 0.00000
1085, 0, 0.00000
1086, 0, 0.00000
1087, 0, 0.00000
1088, 0, 0.00000
1089, 0, 0.00000
1090, 0, 0.00000
1091, 0, 0.00000
1092, 0, 0.00000
1093, 0, 0.00000
1094, 0, 0.00000
1095, 0, 0.00000
1096, 0, 0.00000
1097, 0, 0.00000
1098, 0, 0.00000
1099, 0, 0.00000
1100, 0, 0.00000
1101, 0, 0.00000
1102, 0, 0.00000
1103, 0, 0.00000
1104, 0, 0.00000
1105, 0, 0.00000
1106, 0, 0.00000
1107, 0, 0.00000
1108, 0, 0.00000
1109, 0, 0.00000
1110, 0, 0.00000
1111, 0, 0.00000
1112, 0, 0.00000
1113, 0, 0.00000
1114, 0, 0.00000
1115, 0, 0.00078
1116, 0, 0.00078
1117, 1, 0.00156
1118, 2, 0.00234
1119, 3, 0.00234
1120, 4, 0.00234
1121, 3, 0.00313
1122, 5, 0.00391
1123, 6, 0.00469
1124, 6, 0.00625
1125, 5, 0.00547
1126, 8, 0.00625
1127, 8, 0.00781
1128, 8, 0.00860
1129, 11, 0.00860
1130, 11, 0.00781
1131, 12, 0.00938
1132, 13, 0.01094
1133, 12, 0.01094
1134, 14, 0.01094
1135, 15, 0.01172
1136, 17, 0.01172
1137, 16, 0.01250
1138, 17, 0.01250
1139, 16, 0.01407
1140, 18, 0.01407
1141, 18, 0.01407
1142, 18, 0.01485
1143, 20, 0.01563
1144, 19, 0.01563
1145, 20, 0.01563
1146, 21, 0.01641
1147, 20, 0.01641
1148, 23, 0.01641
1149, 23, 0.01719
1150, 23, 0.01797
1151, 23, 0.01875
1152, 24, 0.01954
1153, 25, 0.01954
1154, 26, 0.02032
1155, 27, 0.02188
1156, 27, 0.02188
1157, 28, 0.02188
1158, 26, 0.02266
1159, 29, 0.02344
1160, 30, 0.02422
1161, 31, 0.02501
1162, 32, 0.02501
1163, 32, 0.02657
1164, 35, 0.02657
1165, 35, 0.02735
1166, 35, 0.02813
1167, 36, 0.02813
1168, 36, 0.02969
1169, 37, 0.02891
1170, 38, 0.02891
1171, 39, 0.03126
1172, 40, 0.03204
1173, 40, 0.02969
1174, 41, 0.03048
1175, 41, 0.03204
1176, 43, 0.03282
1177, 43, 0.03360
1178, 43, 0.03438
1179, 44, 0.03516
1180, 45, 0.03516
1181, 45, 0.03516
1182, 46, 0.03595
1183, 47, 0.03673
1184, 47, 0.03673
1185, 47, 0.03829
1186, 48, 0.03829
1187, 48, 0.03751
1188, 48, 0.03907
1189, 50, 0.03907
1190, 49, 0.03907
1191, 49, 0.03985
1192, 51, 0.03985
1193, 51, 0.03907
1194, 52, 0.04063
1195, 53, 0.04142
1196, 53, 0.04063
1197, 53, 0.04220
1198, 54, 0.04220
1199, 54, 0.04220
1200, 55, 0.04220
1201, 54, 0.04298
1202, 55, 0.04454
1203, 56, 0.04532
1204, 57, 0.04454
1205, 57, 0.04454
1206, 58, 0.04454
1207, 56, 0.04532
1208, 58, 0.04611
1209, 59, 0.04689
1210, 59, 0.04611
1211, 60, 0.04689
1212, 58, 0.04689
1213, 60, 0.04689
1214, 61, 0.04689
1215, 61, 0.04767
1216, 63, 0.04845
1217, 61, 0.04845
1218, 61, 0.04923
1219, 63, 0.05001
1220, 63, 0.05001
1221, 64, 0.04845
1222, 64, 0.05001
1223, 65, 0.05001
1224, 64, 0.05001
1225, 65, 0.05079
1226, 64, 0.05079
1227, 64, 0.05001
1228, 66, 0.05158
1229, 66, 0.05158
1230, 66, 0.05158
1231, 67, 0.05158
1232, 67, 0.05236
1233, 66, 0.05158
1234, 67, 0.05158
1235, 68, 0.05314
1236, 68, 0.05314
1237, 69, 0.05314
1238, 69, 0.05392
1239, 68, 0.05392
1240, 69, 0.05392
1241, 68, 0.05392
1242, 69, 0.05470
1243, 69, 0.05470
1244, 70, 0.05470
1245, 67, 0.05470
1246, 70, 0.05470
1247, 71, 0.05470
1248, 69, 0.05548
1249, 70, 0.05548
1250, 70, 0.05548
1251, 70, 0.05548
1252, 70, 0.05548
1253, 70, 0.05470
1254, 70, 0.05548
1255, 71, 0.05626
1256, 69, 0.05548
1257, 70, 0.05626
1258, 71, 0.05548
1259, 73, 0.05626
1260, 71, 0.05548
1261, 70, 0.05626
1262, 71, 0.05626
1263, 71, 0.05548
1264, 71, 0.05626
1265, 71, 0.05626
1266, 71, 0.05548
1267, 72, 0.05548
1268, 71, 0.05548
1269, 71, 0.05548
1270, 72, 0.05548
1271, 71, 0.05626
1272, 71, 0.05626
1273, 71, 0.05626
1274, 71, 0.05548
1275, 72, 0.05548
1276, 70, 0.05548
1277, 71, 0.05392
1278, 71, 0.05470
1279, 71, 0.05548
1280, 69, 0.05470
1281, 70, 0.05392
1282, 69, 0.05470
1283, 69, 0.05470
1284, 69, 0.05470
1285, 69, 0.05470
1286, 69, 0.05392
1287, 68, 0.05392
1288, 68, 0.05470
1289, 69, 0.05314
1290, 68, 0.05314
1291, 69, 0.05314
1292, 68, 0.05314
1293, 66, 0.05314
1294, 67, 0.05314
1295, 68, 0.05158
1296, 67, 0.05236
1297, 67, 0.05236
1298, 67, 0.05158
1299, 66, 0.05158
1300, 66, 0.05158
1301, 66, 0.05158
1302, 65, 0.05158
1303, 66, 0.05158
1304, 64, 0.05158
1305, 64, 0.05158
1306, 65, 0.05158
1307, 64, 0.05079
1308, 64, 0.05001
1309, 64, 0.05079
1310, 66, 0.05001
1311, 65, 0.05079
1312, 64, 0.05001
1313, 64, 0.05001
1314, 63, 0.05001
1315, 63, 0.04923
1316, 64, 0.04923
1317, 62, 0.04923
1318, 63, 0.04923
1319, 63, 0.04845
1320, 62, 0.04923
1321, 61, 0.04845
1322, 61, 0.04767
1323, 60, 0.04767
1324, 61, 0.04689
1325, 58, 0.04611
1326, 58, 0.04611
1327, 58, 0.04611
1328, 58, 0.04611
1329, 58, 0.04532
1330, 58, 0.04532
1331, 57, 0.04611
1332, 57, 0.04532
1333, 56, 0.04611
1334, 58, 0.04454
1335, 58, 0.04532
1336, 58, 0.04376
1337, 58, 0.04454
1338, 57, 0.04298
1339, 57, 0.04454
1340, 58, 0.04376
1341, 57, 0.04454
1342, 56, 0.04454
1343, 57, 0.04376
1344, 57, 0.04376
1345, 56, 0.04376
1346, 56, 0.04298
1347, 56, 0.04454
1348, 56, 0.04454
1349, 55, 0.04454
1350, 56, 0.04376
1351, 54, 0.04298
1352, 57, 0.04454
1353, 55, 0.04454
1354, 56, 0.04454
1355, 55, 0.04298
1356, 55, 0.04376
1357, 56, 0.04376
1358, 55, 0.04298
1359, 56, 0.04298
1360, 55, 0.04376
1361, 55, 0.04298
1362, 56, 0.04376
1363, 55, 0.04298
1364, 56, 0.04298
1365, 55, 0.04298
1366, 56, 0.04298
1367, 55, 0.04454
1368, 55, 0.04298
1369, 55, 0.04220
1370, 54, 0.04298
1371, 55, 0.04298
1372, 55, 0.04298
1373, 54, 0.04220
1374, 54, 0.04220
1375, 54, 0.04220
1376, 54, 0.04220
1377, 55, 0.04298
1378, 53, 0.04298
1379, 53, 0.04298
1380, 55, 0.04298
1381, 54, 0.04220
1382, 54, 0.04220
1383, 54, 0.04298
1384, 53, 0.04298
1385, 55, 0.04220
1386, 54, 0.04220
1387, 53, 0.04220
1388, 54, 0.04220
1389, 53, 0.04220
1390, 53, 0.04142
1391, 52, 0.04142
1392, 53, 0.04142
1393, 53, 0.04142
1394, 53, 0.04142
1395, 52, 0.04063
1396, 52, 0.04063
1397, 52, 0.04063
1398, 52, 0.04063
1399, 52, 0.04063
1400, 52, 0.04142
1401, 52, 0.04063
1402, 50, 0.04063
1403, 50, 0.04063
1404, 52, 0.04063
1405, 51, 0.03985
1406, 51, 0.03985
1407, 51, 0.03907
1408, 51, 0.03985
1409, 52, 0.03907
1410, 50, 0.03985
1411, 49, 0.03985
1412, 51, 0.03985
1413, 50, 0.03907
1414, 50, 0.03907
1415, 50, 0.03907
1416, 49, 0.03673
1417, 49, 0.03829
1418, 49, 0.03829
1419, 48, 0.03751
1420, 48, 0.03751
1421, 48, 0.03751
1422, 48, 0.03751
1423, 47, 0.03751
1424, 47, 0.03673
1425, 47, 0.03595
1426, 48, 0.03673
1427, 46, 0.03673
1428, 47, 0.03673
1429, 47, 0.03673
1430, 46, 0.03673
1431, 46, 0.03595
1432, 45, 0.03595
1433, 45, 0.03673
1434, 46, 0.03673
1435, 43, 0.03516
1436, 46, 0.03516
1437, 45, 0.03516
1438, 45, 0.03516
1439, 45, 0.03516
1440, 45, 0.03438
1441, 43, 0.03438
1442, 43, 0.03360
1443, 45, 0.03438
1444, 44, 0.03516
1445, 43, 0.03438
1446, 44, 0.03438
1447, 44, 0.03438
1448, 43, 0.03360
1449, 44, 0.03360
1450, 42, 0.03282
1451, 42, 0.03282
1452, 42, 0.03360
1453, 42, 0.03360
1454, 42, 0.03360
1455, 41, 0.03282
1456, 41, 0.03282
1457, 41, 0.03204
1458, 41, 0.03204
1459, 40, 0.03204
1460, 40, 0.03126
1461, 40, 0.03048
1462, 39, 0.03126
1463, 40, 0.03126
1464, 39, 0.03126
1465, 40, 0.03126
1466, 38, 0.03048
1467, 39, 0.03048
1468, 39, 0.02969
1469, 38, 0.03048
1470, 37, 0.02969
1471, 37, 0.02891
1472, 38, 0.02969
1473, 37, 0.02891
1474, 36, 0.02891
1475, 37, 0.02891
1476, 37, 0.02891
1477, 36, 0.02813
1478, 34, 0.02891
1479, 36, 0.02813
1480, 35, 0.02735
1481, 35, 0.02735
1482, 35, 0.02657
1483, 33, 0.02657
1484, 34, 0.02657
1485, 34, 0.02657
1486, 34, 0.02657
1487, 32, 0.02657
1488, 33, 0.02657
1489, 34, 0.02579
1490, 32, 0.02579
1491, 33, 0.02501
1492, 29, 0.02501
1493, 32, 0.02422
1494, 32, 0.02501
1495, 31, 0.02422
1496, 32, 0.02422
1497, 31, 0.02344
1498, 30, 0.02344
1499, 30, 0.02344
1500, 31, 0.02344
1501, 30, 0.02344
1502, 28, 0.02266
1503, 28, 0.02188
1504, 30, 0.02344
1505, 29, 0.02422
1506, 29, 0.02266
1507, 28, 0.02266
1508, 28, 0.02266
1509, 28, 0.02266
1510, 27, 0.02188
1511, 28, 0.02110
1512, 27, 0.02110
1513, 26, 0.02110
1514, 25, 0.02110
1515, 27, 0.02032
1516, 26, 0.02110
1517, 26, 0.02110
1518, 26, 0.02032
1519, 25, 0.02032
1520, 26, 0.02110
1521, 26, 0.02032
1522, 26, 0.01954
1523, 25, 0.02032
1524, 26, 0.01954
1525, 24, 0.01954
1526, 23, 0.01797
1527, 22, 0.01954
1528, 24, 0.01875
1529, 23, 0.01875
1530, 23, 0.01797
1531, 22, 0.01719
1532, 21, 0.01719
1533, 21, 0.01641
1534, 21, 0.01563
1535, 21, 0.01563
1536, 20, 0.01563
1537, 19, 0.01485
1538, 19, 0.01407
1539, 18, 0.01407
1540, 18, 0.01407
1541, 18, 0.01328
1542, 17, 0.01328
1543, 15, 0.01250
1544, 17, 0.01250
1545, 16, 0.01250
1546, 16, 0.01172
1547, 16, 0.01172
1548, 13, 0.01250
1549, 15, 0.01094
1550, 15, 0.01250
1551, 14, 0.01016
1552, 14, 0.01250
1553, 14, 0.01094
1554, 14, 0.01016
1555, 13, 0.01094
1556, 13, 0.01016
1557, 14, 0.01016
1558, 11, 0.01016
1559, 12, 0.01016
1560, 12, 0.00938
1561, 12, 0.00938
1562, 12, 0.00860
1563, 11, 0.00860
1564, 11, 0.00860
1565, 11, 0.00860
1566, 11, 0.00781
1567, 11, 0.00860
1568, 9, 0.00781
1569, 10, 0.00860
1570, 10, 0.00860
1571, 10, 0.00781
1572, 11, 0.00703
1573, 10, 0.00781
1574, 10, 0.00860
1575, 10, 0.00781
1576, 10, 0.00703
1577, 8, 0.00703
1578, 8, 0.00703
1579, 9, 0.00781
1580, 9, 0.00703
1581, 8, 0.00703
1582, 8, 0.00703
1583, 9, 0.00703
1584, 7, 0.00625
1585, 8, 0.00703
1586, 7, 0.00703
1587, 7, 0.00703
1588, 8, 0.00625
1589, 8, 0.00703
1590, 7, 0.00625
1591, 8, 0.00547
1592, 6, 0.00469
1593, 7, 0.00547
1594, 7, 0.00625
1595, 7, 0.00469
1596, 7, 0.00547
1597, 7, 0.00547
1598, 7, 0.00625
1599, 7, 0.00547
1600, 6, 0.00547
1601, 7, 0.00547
1602, 6, 0.00547
1603, 6, 0.00547
1604, 6, 0.00469
1605, 7, 0.00547
1606, 8, 0.00547
1607, 7, 0.00625
1608, 7, 0.00625
1609, 7, 0.00547
1610, 8, 0.00547
1611, 5, 0.00625
1612, 7, 0.00625
1613, 8, 0.00625
1614, 8, 0.00625
1615, 8, 0.00547
1616, 8, 0.00625
1617, 8, 0.00625
1618, 8, 0.00703
1619, 8, 0.00703
1620, 7, 0.00547
1621, 8, 0.00625
1622, 7, 0.00703
1623, 8, 0.00703
1624, 9, 0.00703
1625, 8, 0.00703
1626, 8, 0.00703
1627, 9, 0.00703
1628, 10, 0.00781
1629, 8, 0.00625
1630, 9, 0.00781
1631, 9, 0.00781
1632, 10, 0.00781
1633, 9, 0.00781
1634, 10, 0.00860
1635, 10, 0.00781
1636, 11, 0.00781
1637, 10, 0.00860
1638, 11, 0.00938
1639, 10, 0.00781
1640, 12, 0.00860
1641, 15, 0.01094
1642, 13, 0.00938
1643, 12, 0.01094
1644, 14, 0.01094
1645, 13, 0.01094
1646, 14, 0.01172
1647, 13, 0.01172
1648, 15, 0.01172
1649, 16, 0.01172
1650, 15, 0.01172
1651, 16, 0.01250
1652, 16, 0.01250
1653, 17, 0.01250
1654, 17, 0.01407
1655, 18, 0.01407
1656, 17, 0.01328
1657, 18, 0.01485
1658, 20, 0.01485
1659, 20, 0.01641
1660, 20, 0.01563
1661, 20, 0.01563
1662, 20, 0.01641
1663, 21, 0.01719
1664, 21, 0.01719
1665, 22, 0.01719
1666, 23, 0.01797
1667, 23, 0.01875
1668, 23, 0.01797
1669, 24, 0.01875
1670, 24, 0.01875
1671, 24, 0.01954
1672, 26, 0.01875
1673, 26, 0.02032
1674, 26, 0.02188
1675, 25, 0.02110
1676, 27, 0.02110
1677, 28, 0.02266
1678, 28, 0.02344
1679, 29, 0.02344
1680, 31, 0.02344
1681, 30, 0.02344
1682, 30, 0.02344
1683, 31, 0.02501
1684, 32, 0.02501
1685, 32, 0.02501
1686, 32, 0.02501
1687, 33, 0.02579
1688, 32, 0.02657
1689, 34, 0.02657
1690, 34, 0.02501
1691, 34, 0.02657
1692, 34, 0.02735
1693, 35, 0.02735
1694, 35, 0.02813
1695, 35, 0.02735
1696, 36, 0.02891
1697, 35, 0.02813
1698, 36, 0.02813
1699, 36, 0.02813
1700, 37, 0.02969
1701, 37, 0.02891
1702, 38, 0.02891
1703, 38, 0.02969
1704, 38, 0.02969
1705, 39, 0.02969
1706, 39, 0.03048
1707, 39, 0.03048
1708, 39, 0.03126
1709, 39, 0.03048
1710, 39, 0.03048
1711, 39, 0.03126
1712, 40, 0.03126
1713, 40, 0.03126
1714, 40, 0.03204
1715, 39, 0.03204
1716, 41, 0.03204
1717, 40, 0.03126
1718, 39, 0.03048
1719, 41, 0.03204
1720, 40, 0.03204
1721, 41, 0.03204
1722, 40, 0.03204
1723, 40, 0.03126
1724, 40, 0.03204
1725, 41, 0.03126
1726, 41, 0.03204
1727, 41, 0.03126
1728, 39, 0.03126
1729, 40, 0.03204
1730, 39, 0.03048
1731, 40, 0.02969
1732, 39, 0.03048
1733, 40, 0.03048
1734, 40, 0.03048
1735, 39, 0.03048
1736, 39, 0.03048
1737, 39, 0.03126
1738, 38, 0.02969
1739, 38, 0.03126
1740, 38, 0.03048
1741, 38, 0.03048
1742, 38, 0.02969
1743, 38, 0.02891
1744, 37, 0.02891
1745, 37, 0.02969
1746, 37, 0.02813
1747, 36, 0.02813
1748, 37, 0.02813
1749, 37, 0.02735
1750, 36, 0.02813
1751, 36, 0.02735
1752, 35, 0.02813
1753, 36, 0.02735
1754, 33, 0.02657
1755, 34, 0.02657
1756, 34, 0.02657
1757, 34, 0.02579
1758, 33, 0.02579
1759, 33, 0.02579
1760, 32, 0.02501
1761, 32, 0.02501
1762, 33, 0.02501
1763, 30, 0.02422
1764, 30, 0.02344
1765, 30, 0.02266
1766, 30, 0.02422
1767, 29, 0.02266
1768, 28, 0.02188
1769, 28, 0.02110
1770, 28, 0.02110
1771, 26, 0.02110
1772, 25, 0.02032
1773, 26, 0.01954
1774, 25, 0.01954
1775, 24, 0.01875
1776, 24, 0.01875
1777, 23, 0.01875
1778, 22, 0.01797
1779, 23, 0.01719
1780, 22, 0.01719
1781, 21, 0.01641
1782, 21, 0.01641
1783, 21, 0.01563
1784, 20, 0.01563
1785, 20, 0.01485
1786, 19, 0.01407
1787, 19, 0.01485
1788, 19, 0.01485
1789, 18, 0.01407
1790, 18, 0.01328
1791, 18, 0.01328
1792, 17, 0.01250
1793, 17, 0.01407
1794, 14, 0.01250
1795, 16, 0.01172
1796, 16, 0.01250
1797, 16, 0.01172
1798, 15, 0.01172
1799, 15, 0.01094
1800, 13, 0.01016
1801, 13, 0.01016
1802, 13, 0.01094
1803, 13, 0.01016
1804, 13, 0.00938
1805, 12, 0.01016
1806, 12, 0.00938
1807, 11, 0.00860
1808, 11, 0.00860
1809, 11, 0.00860
1810, 11, 0.00781
1811, 11, 0.00860
1812, 10, 0.00860
1813, 10, 0.00703
1814, 9, 0.00703
1815, 10, 0.00781
1816, 9, 0.00625
1817, 10, 0.00703
1818, 9, 0.00781
1819, 8, 0.00703
1820, 8, 0.00703
1821, 8, 0.00625
1822, 8, 0.00625
1823, 8, 0.00625
1824, 7, 0.00469
1825, 7, 0.00547
1826, 7, 0.00547
1827, 7, 0.00469
1828, 7, 0.00547
1829, 7, 0.00625
1830, 7, 0.00547
1831, 7, 0.00547
1832, 7, 0.00625
1833, 8, 0.00625
1834, 8, 0.00625
1835, 8, 0.00703
1836, 8, 0.00625
1837, 9, 0.00625
1838, 9, 0.00703
1839, 9, 0.00703
1840, 8, 0.00703
1841, 8, 0.00703
1842, 8, 0.00703
1843, 9, 0.00703
1844, 9, 0.00781
1845, 9, 0.00781
1846, 10, 0.00781
1847, 10, 0.00860
1848, 10, 0.00860
1849, 11, 0.00860
1850, 12, 0.00860
1851, 13, 0.00938
1852, 12, 0.01016
1853, 12, 0.01094
1854, 13, 0.01016
1855, 13, 0.01016
1856, 14, 0.01094
1857, 14, 0.01016
1858, 14, 0.01172
1859, 13, 0.01172
1860, 15, 0.01250
1861, 16, 0.01250
1862, 16, 0.01250
1863, 16, 0.01250
1864, 18, 0.01328
1865, 16, 0.01328
1866, 18, 0.01407
1867, 18, 0.01485
1868, 19, 0.01485
1869, 20, 0.01641
1870, 20, 0.01563
1871, 19, 0.01641
1872, 21, 0.01719
1873, 21, 0.01641
1874, 22, 0.01641
1875, 23, 0.01719
1876, 22, 0.01797
1877, 23, 0.01797
1878, 24, 0.01875
1879, 24, 0.01875
1880, 24, 0.01875
1881, 25, 0.01954
1882, 25, 0.02032
1883, 26, 0.01954
1884, 27, 0.01954
1885, 26, 0.02032
1886, 27, 0.02188
1887, 27, 0.02110
1888, 28, 0.02188
1889, 28, 0.02188
1890, 28, 0.02188
1891, 28, 0.02188
1892, 29, 0.02266
1893, 30, 0.02344
1894, 28, 0.02344
1895, 29, 0.02344
1896, 30, 0.02344
1897, 30, 0.02344
1898, 30, 0.02422
1899, 30, 0.02422
1900, 30, 0.02501
1901, 31, 0.02344
1902, 31, 0.02501
1903, 31, 0.02422
1904, 31, 0.02422
1905, 32, 0.02422
1906, 31, 0.02344
1907, 32, 0.02501
1908, 32, 0.02501
1909, 32, 0.02344
1910, 31, 0.02344
1911, 32, 0.02501
1912, 30, 0.02422
1913, 31, 0.02501
1914, 31, 0.02422
1915, 30, 0.02422
1916, 30, 0.02422
1917, 30, 0.02422
1918, 30, 0.02344
1919, 29, 0.02266
1920, 30, 0.02344
1921, 30, 0.02266
1922, 27, 0.02266
1923, 28, 0.02266
1924, 29, 0.02266
1925, 28, 0.02188
1926, 28, 0.02188
1927, 26, 0.02110
1928, 26, 0.02110
1929, 27, 0.02110
1930, 27, 0.02032
1931, 26, 0.02032
1932, 26, 0.02032
1933, 25, 0.01954
1934, 26, 0.01954
1935, 24, 0.01875
1936, 24, 0.01875
1937, 24, 0.01954
1938, 22, 0.01797
1939, 22, 0.01719
1940, 21, 0.01719
1941, 21, 0.01719
1942, 22, 0.01641
1943, 21, 0.01641
1944, 20, 0.01485
1945, 19, 0.01485
1946, 18, 0.01485
1947, 19, 0.01407
1948, 18, 0.01407
1949, 18, 0.01407
1950, 18, 0.01407
1951, 17, 0.01328
1952, 16, 0.01328
1953, 17, 0.01250
1954, 17, 0.01250
1955, 16, 0.01250
1956, 15, 0.01094
1957, 15, 0.01172
1958, 15, 0.01094
1959, 14, 0.01094
1960, 13, 0.01172
1961, 14, 0.01016
1962, 15, 0.01016
1963, 13, 0.01016
1964, 13, 0.01016
1965, 12, 0.01016
1966, 12, 0.01016
1967, 13, 0.01016
1968, 13, 0.01094
1969, 12, 0.00938
1970, 12, 0.01016
1971, 11, 0.01016
1972, 12, 0.01016
1973, 12, 0.01094
1974, 13, 0.01016
1975, 12, 0.01016
1976, 14, 0.01016
1977, 14, 0.01094
1978, 13, 0.01016
1979, 13, 0.01094
1980, 13, 0.01172
1981, 14, 0.01250
1982, 15, 0.01172
1983, 14, 0.01172
1984, 16, 0.01172
1985, 15, 0.01250
1986, 16, 0.01250
1987, 16, 0.01328
1988, 16, 0.01250
1989, 16, 0.01328
1990, 17, 0.01485
1991, 18, 0.01407
1992, 18, 0.01407
1993, 19, 0.01485
1994, 19, 0.01485
1995, 20, 0.01485
1996, 19, 0.01563
1997, 21, 0.01641
1998, 21, 0.01641
1999, 20, 0.01719
2000, 21, 0.01719
2001, 22, 0.01797
2002, 22, 0.01875
2003, 23, 0.01875
2004, 24, 0.01875
2005, 24, 0.01954
2006, 25, 0.01954
2007, 26, 0.02032
2008, 26, 0.02032
2009, 26, 0.02032
2010, 26, 0.02188
2011, 28, 0.02188
2012, 28, 0.02188
2013, 29, 0.02344
2014, 30, 0.02266
2015, 32, 0.02501
2016, 32, 0.02501
2017, 32, 0.02501
2018, 33, 0.02579
2019, 33, 0.02735
2020, 34, 0.02735
2021, 35, 0.02657
2022, 35, 0.02735
2023, 36, 0.02813
2024, 36, 0.02813
2025, 36, 0.02969
2026, 37, 0.02969
2027, 38, 0.03048
2028, 38, 0.03048
2029, 39, 0.03126
2030, 39, 0.03048
2031, 40, 0.03126
2032, 41, 0.03126
2033, 41, 0.03204
2034, 41, 0.03282
2035, 42, 0.03360
2036, 42, 0.03360
2037, 43, 0.03360
2038, 44, 0.03438
2039, 43, 0.03516
2040, 45, 0.03516
2041, 44, 0.03516
2042, 45, 0.03595
2043, 46, 0.03516
2044, 46, 0.03516
2045, 47, 0.03595
2046, 47, 0.03751
2047, 47, 0.03673
2048, 47, 0.03673
2049, 48, 0.03829
2050, 47, 0.03751
2051, 48, 0.03829
2052, 49, 0.03829
2053, 49, 0.03829
2054, 49, 0.03907
2055, 50, 0.03829
2056, 50, 0.03985
2057, 51, 0.03907
2058, 51, 0.03985
2059, 51, 0.03985
2060, 52, 0.03985
2061, 51, 0.04063
2062, 52, 0.04063
2063, 52, 0.04063
2064, 51, 0.04063
2065, 53, 0.04063
2066, 53, 0.04142
2067, 54, 0.04142
2068, 53, 0.04142
2069, 54, 0.04142
2070, 54, 0.04142
2071, 53, 0.04220
2072, 54, 0.04220
2073, 54, 0.04220
2074, 52, 0.04220
2075, 55, 0.04220
2076, 55, 0.04298
2077, 55, 0.04298
2078, 55, 0.04298
2079, 56, 0.04298
2080, 55, 0.04298
2081, 56, 0.04298
2082, 56, 0.04298
2083, 56, 0.04376
2084, 56, 0.04376
2085, 56, 0.04376
2086, 57, 0.04454
2087, 57, 0.04532
2088, 57, 0.04454
2089, 58, 0.04532
2090, 57, 0.04532
2091, 57, 0.04611
2092, 58, 0.04611
2093, 58, 0.04532
2094, 58, 0.04532
2095, 59, 0.04611
2096, 58, 0.04611
2097, 59, 0.04611
2098, 58, 0.04689
2099, 59, 0.04611
2100, 59, 0.04611
2101, 58, 0.04611
2102, 58, 0.04611
2103, 58, 0.04611
2104, 57, 0.04689
2105, 59, 0.04611
2106, 60, 0.04611
2107, 59, 0.04689
2108, 59, 0.04689
2109, 60, 0.04689
2110, 60, 0.04767
2111, 61, 0.04767
2112, 61, 0.04845
2113, 62, 0.04767
2114, 61, 0.04845
2115, 60, 0.04689
2116, 62, 0.04767
2117, 61, 0.04767
2118, 61, 0.04767
2119, 62, 0.04767
2120, 62, 0.04845
2121, 62, 0.04845
2122, 61, 0.04923
2123, 61, 0.04845
2124, 60, 0.04845
2125, 62, 0.04845
2126, 62, 0.04923
2127, 62, 0.04845
2128, 62, 0.04845
2129, 61, 0.04845
2130, 60, 0.04845
2131, 62, 0.04923
2132, 62, 0.04845
2133, 63, 0.04923
2134, 62, 0.04845
2135, 62, 0.04845
2136, 62, 0.04845
2137, 63, 0.05001
2138, 62, 0.05001
2139, 63, 0.04845
2140, 63, 0.04923
2141, 63, 0.05001
2142, 62, 0.04845
2143, 63, 0.05001
2144, 63, 0.04923
2145, 63, 0.05001
2146, 63, 0.05001
2147, 64, 0.04923
2148, 64, 0.05001
2149, 64, 0.05001
2150, 64, 0.05001
2151, 64, 0.05001
2152, 64, 0.05001
2153, 64, 0.05001
2154, 65, 0.05079
2155, 63, 0.05079
2156, 64, 0.05079
2157, 65, 0.05079
2158, 64, 0.05001
2159, 64, 0.05079
2160, 65, 0.05158
2161, 66, 0.05079
2162, 66, 0.05001
2163, 65, 0.05079
2164, 65, 0.05158
2165, 66, 0.05158
2166, 65, 0.05079
2167, 65, 0.05079
2168, 66, 0.05079
2169, 66, 0.05158
2170, 67, 0.05236
2171, 66, 0.05158
2172, 65, 0.05158
2173, 66, 0.05158
2174, 67, 0.05236
2175, 67, 0.05236
2176, 67, 0.05158
2177, 67, 0.05314
2178, 68, 0.05158
2179, 67, 0.05314
2180, 66, 0.05236
2181, 66, 0.05236
2182, 68, 0.05314
2183, 67, 0.05314
2184, 67, 0.05314
2185, 67, 0.05314
2186, 68, 0.05392
2187, 67, 0.05314
2188, 68, 0.05314
2189, 67, 0.05314
2190, 68, 0.05314
2191, 68, 0.05392
2192, 68, 0.05314
2193, 69, 0.05392
2194, 67, 0.05314
2195, 68, 0.05236
2196, 69, 0.05392
2197, 67, 0.05314
2198, 69, 0.05314
2199, 68, 0.05392
2200, 69, 0.05314
2201, 68, 0.05314
2202, 67, 0.05392
2203, 68, 0.05392
2204, 69, 0.05392
2205, 69, 0.05392
2206, 69, 0.05392
2207, 69, 0.05392
2208, 69, 0.05392
2209, 70, 0.05392
2210, 69, 0.05314
2211, 68, 0.05392
2212, 69, 0.05470
2213, 70, 0.05392
2214, 69, 0.05392
2215, 69, 0.05314
2216, 69, 0.05392
2217, 69, 0.05470
2218, 69, 0.05392
2219, 69, 0.05392
2220, 69, 0.05314
2221, 69, 0.05392
2222, 69, 0.05392
2223, 69, 0.05470
2224, 68, 0.05392
2225, 70, 0.05314
2226, 68, 0.05314
2227, 68, 0.05314
2228, 69, 0.05314
2229, 68, 0.05392
2230, 69, 0.05470
2231, 68, 0.05314
2232, 69, 0.05470
2233, 68, 0.05392
2234, 67, 0.05392
2235, 69, 0.05314
2236, 68, 0.05392
2237, 69, 0.05392
2238, 69, 0.05314
2239, 69, 0.05392
2240, 68, 0.05314
2241, 68, 0.05314
2242, 68, 0.05392
2243, 69, 0.05392
2244, 68, 0.05392
2245, 68, 0.05470
2246, 69, 0.05392
2247, 69, 0.05314
2248, 68, 0.05314
2249, 69, 0.05392
2250, 69, 0.05392
2251, 67, 0.05392
2252, 68, 0.05392
2253, 69, 0.05392
2254, 69, 0.05392
2255, 69, 0.05392
2256, 69, 0.05392
2257, 68, 0.05236
2258, 67, 0.05314
2259, 67, 0.05236
2260, 66, 0.05392
2261, 68, 0.05314
2262, 68, 0.05314
2263, 68, 0.05392
2264, 69, 0.05392
2265, 67, 0.05392
2266, 68, 0.05392
2267, 69, 0.05392
2268, 69, 0.05392
2269, 70, 0.05470
2270, 70, 0.05470
2271, 69, 0.05392
2272, 69, 0.05548
2273, 70, 0.05548
2274, 71, 0.05548
2275, 71, 0.05470
2276, 72, 0.05470
2277, 72, 0.05626
2278, 73, 0.05626
2279, 74, 0.05705
2280, 75, 0.05783
2281, 75, 0.05783
2282, 75, 0.05861
2283, 77, 0.05939
2284, 76, 0.05861
2285, 78, 0.06095
2286, 78, 0.06252
2287, 79, 0.06173
2288, 80, 0.06252
2289, 81, 0.06408
2290, 83, 0.06408
2291, 84, 0.06564
2292, 83, 0.06564
2293, 85, 0.06720
2294, 86, 0.06799
2295, 88, 0.06877
2296, 89, 0.06955
2297, 90, 0.07111
2298, 92, 0.07111
2299, 92, 0.07267
2300, 94, 0.07346
2301, 97, 0.07502
2302, 98, 0.07580
2303, 99, 0.07814
2304, 99, 0.07814
2305, 101, 0.07893
2306, 102, 0.08049
2307, 103, 0.08049
2308, 105, 0.08205
2309, 107, 0.08283
2310, 107, 0.08440
2311, 108, 0.08361
2312, 108, 0.08440
2313, 109, 0.08518
2314, 110, 0.08596
2315, 109, 0.08518
2316, 111, 0.08674
2317, 112, 0.08752
2318, 112, 0.08752
2319, 112, 0.08908
2320, 114, 0.08830
2321, 113, 0.08830
2322, 113, 0.08908
2323, 113, 0.08908
2324, 115, 0.08908
2325, 114, 0.08908
2326, 115, 0.08908
2327, 113, 0.08830
2328, 114, 0.08987
2329, 114, 0.08908
2330, 115, 0.08987
2331, 114, 0.08908
2332, 114, 0.08908
2333, 114, 0.08908
2334, 114, 0.08908
2335, 113, 0.08830
2336, 112, 0.08752
2337, 112, 0.08830
2338, 113, 0.08908
2339, 113, 0.08830
2340, 112, 0.08674
2341, 110, 0.08752
2342, 111, 0.08752
2343, 110, 0.08674
2344, 111, 0.08674
2345, 110, 0.08596
2346, 110, 0.08518
2347, 110, 0.08596
2348, 109, 0.08596
2349, 109, 0.08440
2350, 109, 0.08518
2351, 108, 0.08518
2352, 108, 0.08361
2353, 108, 0.08361
2354, 107, 0.08440
2355, 107, 0.08440
2356, 107, 0.08283
2357, 106, 0.08283
2358, 106, 0.08283
2359, 105, 0.08283
2360, 105, 0.08205
2361, 105, 0.08127
2362, 105, 0.08049
2363, 105, 0.08127
2364, 103, 0.08049
2365, 103, 0.08049
2366, 103, 0.08049
2367, 102, 0.07971
2368, 102, 0.07971
2369, 101, 0.07971
2370, 101, 0.07893
2371, 100, 0.07814
2372, 100, 0.07736
2373, 100, 0.07814
2374, 99, 0.07814
2375, 101, 0.07736
2376, 98, 0.07814
2377, 98, 0.07736
2378, 98, 0.07736
2379, 98, 0.07658
2380, 97, 0.07580
2381, 97, 0.07502
2382, 97, 0.07424
2383, 96, 0.07424
2384, 95, 0.07502
2385, 95, 0.07424
2386, 95, 0.07424
2387, 95, 0.07346
2388, 94, 0.07424
2389, 93, 0.07346
2390, 93, 0.07346
2391, 93, 0.07267
2392, 93, 0.07346
2393, 93, 0.07267
2394, 91, 0.07189
2395, 92, 0.07033
2396, 91, 0.07111
2397, 91, 0.07033
2398, 90, 0.07111
2399, 91, 0.07111
2400, 91, 0.07111
2401, 91, 0.07033
2402, 90, 0.07111
2403, 89, 0.06877
2404, 90, 0.06955
2405, 90, 0.07033
2406, 88, 0.07033
2407, 90, 0.06955
2408, 89, 0.06877
2409, 89, 0.06877
2410, 89, 0.06955
2411, 88, 0.06877
2412, 87, 0.06877
2413, 88, 0.06877
2414, 87, 0.06877
2415, 87, 0.06799
2416, 87, 0.06877
2417, 87, 0.06799
2418, 87, 0.06799
2419, 87, 0.06799
2420, 87, 0.06642
2421, 86, 0.06799
2422, 87, 0.06720
2423, 86, 0.06720
2424, 86, 0.06720
2425, 85, 0.06642
2426, 85, 0.06642
2427, 85, 0.06799
2428, 85, 0.06720
2429, 85, 0.06642
2430, 85, 0.06720
2431, 85, 0.06642
2432, 85, 0.06642
2433, 85, 0.06642
2434, 85, 0.06642
2435, 84, 0.06642
2436, 85, 0.06720
2437, 86, 0.06720
2438, 85, 0.06642
2439, 86, 0.06720
2440, 85, 0.06720
2441, 85, 0.06720
2442, 86, 0.06720
2443, 86, 0.06720
2444, 86, 0.06720
2445, 85, 0.06642
2446, 85, 0.06720
2447, 85, 0.06642
2448, 85, 0.06642
2449, 86, 0.06642
2450, 86, 0.06642
2451, 85, 0.06642
2452, 86, 0.06642
2453, 86, 0.06564
2454, 84, 0.06642
2455, 86, 0.06642
2456, 86, 0.06564
2457, 85, 0.0672