freq, ADC, voltage
25, 235, 0.16488
26, 216, 0.17426
27, 223, 0.17973
28, 229, 0.16567
29, 233, 0.18286
30, 216, 0.18129
31, 230, 0.17661
32, 231, 0.16723
33, 220, 0.17426
34, 219, 0.18051
35, 213, 0.18051
36, 217, 0.17661
37, 222, 0.16723
38, 231, 0.16879
39, 232, 0.17504
40, 227, 0.17114
41, 225, 0.16801
42, 230, 0.16801
43, 221, 0.17973
44, 216, 0.17504
45, 217, 0.17348
46, 222, 0.17192
47, 215, 0.17582
48, 220, 0.17582
49, 218, 0.17661
50, 222, 0.17192
51, 221, 0.17739
52, 216, 0.17582
53, 225, 0.17114
54, 217, 0.17426
55, 227, 0.17426
56, 226, 0.17661
57, 223, 0.17504
58, 218, 0.17348
59, 223, 0.17270
60, 217, 0.17035
61, 219, 0.17426
62, 226, 0.17192
63, 217, 0.17426
64, 219, 0.17270
65, 225, 0.17426
66, 219, 0.17582
67, 216, 0.17661
68, 226, 0.17661
69, 218, 0.16879
70, 221, 0.16957
71, 225, 0.17582
72, 219, 0.17348
73, 223, 0.17114
74, 219, 0.17035
75, 222, 0.17504
76, 221, 0.17114
77, 222, 0.17504
78, 221, 0.17348
79, 217, 0.17348
80, 220, 0.17114
81, 221, 0.17114
82, 221, 0.17114
83, 222, 0.17035
84, 222, 0.17426
85, 218, 0.17270
86, 223, 0.17192
87, 224, 0.16957
88, 217, 0.17114
89, 221, 0.17348
90, 223, 0.17426
91, 222, 0.17348
92, 223, 0.17348
93, 224, 0.17348
94, 221, 0.17426
95, 219, 0.17348
96, 217, 0.17035
97, 219, 0.16957
98, 218, 0.17270
99, 222, 0.16957
100, 222, 0.17270
101, 219, 0.17270
102, 219, 0.17192
103, 218, 0.17348
104, 218, 0.17114
105, 217, 0.17035
106, 221, 0.17035
107, 219, 0.17270
108, 222, 0.17192
109, 221, 0.17192
110, 219, 0.17270
111, 218, 0.17035
112, 219, 0.17192
113, 221, 0.17270
114, 220, 0.16957
115, 219, 0.17035
116, 218, 0.17114
117, 220, 0.17270
118, 217, 0.17348
119, 221, 0.17035
120, 220, 0.17114
121, 220, 0.17114
122, 220, 0.17270
123, 219, 0.16957
124, 220, 0.17192
125, 218, 0.17426
126, 219, 0.17270
127, 219, 0.16879
128, 218, 0.17114
129, 218, 0.16879
130, 219, 0.17114
131, 217, 0.17114
132, 219, 0.17192
133, 216, 0.17270
134, 220, 0.17114
135, 217, 0.17348
136, 218, 0.17192
137, 217, 0.17348
138, 217, 0.17035
139, 217, 0.17114
140, 218, 0.17114
141, 221, 0.17035
142, 219, 0.17270
143, 218, 0.17035
144, 220, 0.16957
145, 216, 0.17192
146, 217, 0.17114
147, 220, 0.17270
148, 218, 0.17114
149, 217, 0.17114
150, 219, 0.17035
151, 217, 0.17114
152, 219, 0.17192
153, 219, 0.17192
154, 216, 0.16957
155, 218, 0.17035
156, 218, 0.16957
157, 215, 0.17035
158, 217, 0.17270
159, 218, 0.16957
160, 218, 0.16879
161, 218, 0.17035
162, 218, 0.17114
163, 216, 0.17035
164, 219, 0.17114
165, 216, 0.17114
166, 219, 0.17035
167, 216, 0.17035
168, 220, 0.17035
169, 220, 0.16879
170, 218, 0.17114
171, 218, 0.17035
172, 218, 0.17114
173, 217, 0.17035
174, 217, 0.16957
175, 219, 0.17035
176, 216, 0.17114
177, 218, 0.16957
178, 217, 0.16957
179, 217, 0.17035
180, 218, 0.17035
181, 217, 0.16957
182, 217, 0.17114
183, 217, 0.17114
184, 217, 0.17035
185, 218, 0.16957
186, 219, 0.16957
187, 219, 0.17192
188, 217, 0.16957
189, 218, 0.16957
190, 217, 0.16879
191, 217, 0.17114
192, 217, 0.17035
193, 217, 0.16957
194, 217, 0.16957
195, 218, 0.16957
196, 218, 0.17035
197, 218, 0.17035
198, 219, 0.17035
199, 217, 0.16957
200, 217, 0.17035
201, 217, 0.16879
202, 216, 0.17035
203, 218, 0.16957
204, 216, 0.17035
205, 217, 0.16957
206, 217, 0.17035
207, 216, 0.16879
208, 217, 0.16957
209, 217, 0.16957
210, 218, 0.16879
211, 216, 0.16801
212, 216, 0.16957
213, 217, 0.17035
214, 215, 0.16957
215, 218, 0.17035
216, 217, 0.17035
217, 218, 0.17035
218, 215, 0.16957
219, 217, 0.16879
220, 218, 0.16957
221, 216, 0.16957
222, 215, 0.16957
223, 218, 0.16957
224, 215, 0.16879
225, 215, 0.16879
226, 216, 0.16879
227, 216, 0.16879
228, 216, 0.16801
229, 215, 0.16879
230, 215, 0.16723
231, 215, 0.16801
232, 215, 0.16801
233, 216, 0.16879
234, 215, 0.16879
235, 215, 0.16801
236, 215, 0.16801
237, 217, 0.16801
238, 215, 0.16879
239, 215, 0.16801
240, 217, 0.16879
241, 215, 0.16879
242, 216, 0.16957
243, 217, 0.16957
244, 215, 0.16801
245, 214, 0.16801
246, 215, 0.16957
247, 215, 0.16801
248, 217, 0.16879
249, 215, 0.16801
250, 216, 0.16801
251, 215, 0.16801
252, 214, 0.16801
253, 215, 0.16723
254, 215, 0.16879
255, 216, 0.16801
256, 214, 0.16801
257, 215, 0.16801
258, 215, 0.16801
259, 216, 0.16879
260, 215, 0.16723
261, 216, 0.16801
262, 215, 0.16801
263, 216, 0.16879
264, 215, 0.16879
265, 215, 0.16879
266, 216, 0.16723
267, 215, 0.16801
268, 216, 0.16801
269, 216, 0.16801
270, 216, 0.16801
271, 216, 0.16801
272, 214, 0.16879
273, 215, 0.16801
274, 215, 0.16879
275, 215, 0.16801
276, 215, 0.16801
277, 216, 0.16801
278, 214, 0.16879
279, 214, 0.16723
280, 216, 0.16879
281, 213, 0.16723
282, 213, 0.16723
283, 216, 0.16723
284, 214, 0.16879
285, 214, 0.16723
286, 215, 0.16645
287, 213, 0.16723
288, 215, 0.16567
289, 214, 0.16801
290, 214, 0.16723
291, 213, 0.16801
292, 215, 0.16723
293, 215, 0.16723
294, 214, 0.16645
295, 213, 0.16801
296, 215, 0.16723
297, 215, 0.16723
298, 214, 0.16645
299, 214, 0.16645
300, 215, 0.16801
301, 214, 0.16801
302, 214, 0.16645
303, 215, 0.16567
304, 213, 0.16567
305, 214, 0.16723
306, 215, 0.16723
307, 215, 0.16723
308, 212, 0.16645
309, 213, 0.16723
310, 214, 0.16723
311, 213, 0.16645
312, 213, 0.16645
313, 213, 0.16801
314, 215, 0.16488
315, 214, 0.16723
316, 214, 0.16723
317, 213, 0.16723
318, 211, 0.16723
319, 214, 0.16645
320, 213, 0.16723
321, 213, 0.16723
322, 215, 0.16488
323, 213, 0.16567
324, 212, 0.16645
325, 213, 0.16645
326, 214, 0.16567
327, 214, 0.16645
328, 213, 0.16645
329, 213, 0.16488
330, 212, 0.16723
331, 213, 0.16723
332, 212, 0.16645
333, 214, 0.16723
334, 214, 0.16645
335, 213, 0.16723
336, 211, 0.16645
337, 214, 0.16567
338, 214, 0.16567
339, 213, 0.16645
340, 212, 0.16567
341, 213, 0.16645
342, 212, 0.16567
343, 210, 0.16567
344, 211, 0.16645
345, 211, 0.16567
346, 213, 0.16567
347, 213, 0.16645
348, 213, 0.16723
349, 211, 0.16723
350, 213, 0.16488
351, 211, 0.16488
352, 211, 0.16723
353, 212, 0.16645
354, 212, 0.16645
355, 212, 0.16488
356, 212, 0.16567
357, 213, 0.16567
358, 211, 0.16567
359, 211, 0.16567
360, 212, 0.16488
361, 211, 0.16567
362, 211, 0.16645
363, 210, 0.16410
364, 212, 0.16645
365, 212, 0.16488
366, 213, 0.16567
367, 210, 0.16645
368, 211, 0.16567
369, 213, 0.16488
370, 212, 0.16410
371, 211, 0.16488
372, 211, 0.16567
373, 212, 0.16488
374, 210, 0.16410
375, 211, 0.16488
376, 211, 0.16488
377, 212, 0.16567
378, 211, 0.16645
379, 211, 0.16488
380, 212, 0.16567
381, 210, 0.16645
382, 212, 0.16567
383, 212, 0.16410
384, 210, 0.16410
385, 212, 0.16488
386, 211, 0.16567
387, 212, 0.16488
388, 210, 0.16567
389, 210, 0.16410
390, 211, 0.16488
391, 212, 0.16410
392, 210, 0.16410
393, 212, 0.16410
394, 210, 0.16567
395, 212, 0.16410
396, 210, 0.16567
397, 210, 0.16410
398, 210, 0.16410
399, 212, 0.16410
400, 212, 0.16488
401, 212, 0.16567
402, 210, 0.16332
403, 210, 0.16488
404, 210, 0.16410
405, 211, 0.16410
406, 209, 0.16488
407, 208, 0.16332
408, 211, 0.16254
409, 210, 0.16332
410, 210, 0.16332
411, 209, 0.16332
412, 209, 0.16567
413, 209, 0.16410
414, 209, 0.16410
415, 209, 0.16410
416, 211, 0.16332
417, 209, 0.16332
418, 211, 0.16332
419, 209, 0.16332
420, 208, 0.16410
421, 209, 0.16254
422, 209, 0.16254
423, 208, 0.16332
424, 207, 0.16332
425, 209, 0.16254
426, 210, 0.16254
427, 210, 0.16254
428, 208, 0.16176
429, 208, 0.16176
430, 209, 0.16176
431, 209, 0.16254
432, 208, 0.16254
433, 208, 0.16254
434, 208, 0.16254
435, 208, 0.16332
436, 210, 0.16254
437, 208, 0.16254
438, 208, 0.16176
439, 207, 0.16332
440, 208, 0.16254
441, 207, 0.16254
442, 208, 0.16332
443, 208, 0.16254
444, 209, 0.16098
445, 208, 0.16176
446, 208, 0.16176
447, 207, 0.16254
448, 209, 0.16254
449, 209, 0.16254
450, 208, 0.16254
451, 209, 0.16254
452, 207, 0.16176
453, 208, 0.16176
454, 208, 0.16332
455, 207, 0.16176
456, 207, 0.16098
457, 208, 0.16098
458, 208, 0.16176
459, 207, 0.16098
460, 208, 0.16098
461, 208, 0.16176
462, 207, 0.16254
463, 207, 0.16176
464, 208, 0.16176
465, 208, 0.16176
466, 207, 0.16098
467, 208, 0.16254
468, 207, 0.16098
469, 208, 0.16254
470, 208, 0.16176
471, 208, 0.16254
472, 207, 0.16254
473, 207, 0.16176
474, 208, 0.16176
475, 206, 0.16254
476, 208, 0.16254
477, 208, 0.16254
478, 207, 0.16254
479, 207, 0.16176
480, 206, 0.16176
481, 205, 0.16254
482, 208, 0.16176
483, 208, 0.16176
484, 208, 0.16332
485, 206, 0.16254
486, 208, 0.16098
487, 207, 0.16332
488, 207, 0.16254
489, 208, 0.16254
490, 206, 0.16254
491, 208, 0.16332
492, 209, 0.16098
493, 208, 0.16176
494, 207, 0.16254
495, 206, 0.16254
496, 207, 0.16332
497, 208, 0.16332
498, 208, 0.16176
499, 207, 0.16332
500, 206, 0.16254
501, 207, 0.16254
502, 209, 0.16332
503, 208, 0.16332
504, 209, 0.16332
505, 208, 0.16332
506, 208, 0.16254
507, 208, 0.16176
508, 209, 0.16254
509, 208, 0.16332
510, 208, 0.16176
511, 209, 0.16332
512, 208, 0.16176
513, 207, 0.16332
514, 208, 0.16254
515, 209, 0.16332
516, 208, 0.16332
517, 209, 0.16410
518, 208, 0.16332
519, 208, 0.16254
520, 209, 0.16176
521, 210, 0.16488
522, 209, 0.16332
523, 206, 0.16332
524, 208, 0.16176
525, 208, 0.16254
526, 210, 0.16254
527, 208, 0.16254
528, 210, 0.16254
529, 211, 0.16488
530, 210, 0.16488
531, 208, 0.16410
532, 208, 0.16254
533, 208, 0.16410
534, 208, 0.16332
535, 209, 0.16410
536, 210, 0.16488
537, 209, 0.16567
538, 211, 0.16567
539, 211, 0.16488
540, 213, 0.16254
541, 209, 0.16332
542, 211, 0.16567
543, 210, 0.16254
544, 210, 0.16488
545, 211, 0.16567
546, 212, 0.16488
547, 211, 0.16645
548, 212, 0.16567
549, 210, 0.16645
550, 212, 0.16332
551, 212, 0.16254
552, 211, 0.16410
553, 210, 0.16410
554, 212, 0.16567
555, 208, 0.16332
556, 213, 0.16488
557, 213, 0.16488
558, 212, 0.16567
559, 210, 0.16645
560, 212, 0.16332
561, 210, 0.16645
562, 212, 0.16332
563, 211, 0.16567
564, 210, 0.16332
565, 210, 0.16332
566, 209, 0.16410
567, 210, 0.16332
568, 211, 0.16567
569, 212, 0.16488
570, 210, 0.16567
571, 211, 0.16332
572, 211, 0.16488
573, 210, 0.16488
574, 210, 0.16488
575, 211, 0.16488
576, 211, 0.16567
577, 211, 0.16332
578, 211, 0.16488
579, 209, 0.16410
580, 212, 0.16488
581, 211, 0.16410
582, 210, 0.16410
583, 210, 0.16410
584, 211, 0.16488
585, 210, 0.16488
586, 210, 0.16488
587, 212, 0.16488
588, 210, 0.16410
589, 208, 0.16410
590, 211, 0.16410
591, 210, 0.16410
592, 211, 0.16410
593, 212, 0.16410
594, 210, 0.16410
595, 210, 0.16332
596, 210, 0.16488
597, 209, 0.16488
598, 210, 0.16488
599, 212, 0.16410
600, 210, 0.16488
601, 211, 0.16488
602, 211, 0.16410
603, 211, 0.16567
604, 211, 0.16410
605, 210, 0.16410
606, 211, 0.16410
607, 209, 0.16410
608, 210, 0.16332
609, 210, 0.16488
610, 211, 0.16488
611, 211, 0.16410
612, 212, 0.16488
613, 210, 0.16488
614, 210, 0.16410
615, 211, 0.16410
616, 211, 0.16488
617, 212, 0.16410
618, 210, 0.16410
619, 209, 0.16410
620, 210, 0.16488
621, 210, 0.16410
622, 211, 0.16332
623, 210, 0.16332
624, 211, 0.16488
625, 210, 0.16332
626, 210, 0.16488
627, 210, 0.16488
628, 210, 0.16332
629, 210, 0.16410
630, 210, 0.16410
631, 210, 0.16410
632, 210, 0.16410
633, 209, 0.16410
634, 211, 0.16410
635, 210, 0.16410
636, 209, 0.16410
637, 210, 0.16332
638, 210, 0.16488
639, 210, 0.16332
640, 210, 0.16410
641, 210, 0.16410
642, 210, 0.16332
643, 210, 0.16332
644, 210, 0.16332
645, 209, 0.16332
646, 208, 0.16332
647, 208, 0.16254
648, 210, 0.16254
649, 209, 0.16410
650, 208, 0.16332
651, 209, 0.16254
652, 209, 0.16332
653, 209, 0.16332
654, 209, 0.16332
655, 208, 0.16332
656, 208, 0.16254
657, 209, 0.16332
658, 209, 0.16332
659, 210, 0.16254
660, 208, 0.16254
661, 208, 0.16254
662, 208, 0.16254
663, 208, 0.16098
664, 208, 0.16254
665, 207, 0.16254
666, 209, 0.16254
667, 207, 0.16254
668, 208, 0.16254
669, 207, 0.16332
670, 208, 0.16254
671, 208, 0.16254
672, 207, 0.16098
673, 207, 0.16176
674, 207, 0.16332
675, 207, 0.16254
676, 207, 0.16254
677, 208, 0.16176
678, 208, 0.16176
679, 208, 0.16254
680, 207, 0.16176
681, 207, 0.16176
682, 208, 0.16254
683, 206, 0.16254
684, 207, 0.16176
685, 207, 0.16254
686, 208, 0.16254
687, 207, 0.16176
688, 207, 0.16254
689, 207, 0.16098
690, 207, 0.16176
691, 207, 0.16176
692, 208, 0.16176
693, 208, 0.16176
694, 207, 0.16098
695, 207, 0.16176
696, 208, 0.16176
697, 208, 0.16176
698, 207, 0.16254
699, 207, 0.16176
700, 208, 0.16254
701, 207, 0.16098
702, 206, 0.16098
703, 206, 0.16176
704, 207, 0.16176
705, 207, 0.16176
706, 207, 0.16254
707, 206, 0.16176
708, 208, 0.16176
709, 206, 0.16098
710, 208, 0.16176
711, 207, 0.16176
712, 205, 0.16176
713, 207, 0.16254
714, 208, 0.16176
715, 207, 0.16098
716, 208, 0.16176
717, 206, 0.16176
718, 207, 0.16176
719, 206, 0.16176
720, 207, 0.16176
721, 207, 0.16176
722, 207, 0.16098
723, 207, 0.16254
724, 207, 0.16176
725, 206, 0.16176
726, 206, 0.16254
727, 207, 0.16254
728, 207, 0.16254
729, 207, 0.16176
730, 207, 0.16098
731, 206, 0.16176
732, 208, 0.16176
733, 207, 0.16176
734, 205, 0.16254
735, 208, 0.16176
736, 207, 0.16254
737, 207, 0.16176
738, 206, 0.16254
739, 206, 0.16176
740, 207, 0.16254
741, 207, 0.16176
742, 207, 0.16176
743, 206, 0.16098
744, 207, 0.16176
745, 208, 0.16176
746, 207, 0.16254
747, 207, 0.16098
748, 207, 0.16176
749, 207, 0.16176
750, 205, 0.16176
751, 207, 0.16254
752, 207, 0.16254
753, 208, 0.16176
754, 207, 0.16254
755, 207, 0.16176
756, 208, 0.16254
757, 208, 0.16176
758, 206, 0.16176
759, 208, 0.16176
760, 208, 0.16254
761, 207, 0.16176
762, 208, 0.16176
763, 207, 0.16254
764, 208, 0.16254
765, 208, 0.16176
766, 206, 0.16098
767, 207, 0.16176
768, 208, 0.16254
769, 207, 0.16254
770, 207, 0.16176
771, 207, 0.16098
772, 206, 0.16254
773, 207, 0.16176
774, 207, 0.16176
775, 208, 0.16254
776, 208, 0.16254
777, 208, 0.16254
778, 207, 0.16098
779, 208, 0.16254
780, 208, 0.16254
781, 208, 0.16254
782, 208, 0.16254
783, 207, 0.16176
784, 208, 0.16254
785, 208, 0.16176
786, 207, 0.16176
787, 207, 0.16254
788, 208, 0.16254
789, 208, 0.16254
790, 208, 0.16254
791, 207, 0.16254
792, 207, 0.16254
793, 209, 0.16254
794, 208, 0.16254
795, 208, 0.16254
796, 207, 0.16332
797, 208, 0.16332
798, 208, 0.16254
799, 208, 0.16254
800, 208, 0.16176
801, 208, 0.16254
802, 208, 0.16254
803, 208, 0.16332
804, 208, 0.16332
805, 208, 0.16332
806, 209, 0.16332
807, 209, 0.16254
808, 209, 0.16254
809, 208, 0.16332
810, 209, 0.16254
811, 209, 0.16332
812, 209, 0.16332
813, 209, 0.16410
814, 209, 0.16332
815, 209, 0.16254
816, 209, 0.16332
817, 209, 0.16332
818, 209, 0.16254
819, 210, 0.16410
820, 210, 0.16332
821, 210, 0.16332
822, 210, 0.16254
823, 211, 0.16410
824, 210, 0.16254
825, 210, 0.16332
826, 210, 0.16332
827, 209, 0.16410
828, 210, 0.16410
829, 211, 0.16332
830, 210, 0.16410
831, 210, 0.16410
832, 210, 0.16410
833, 212, 0.16410
834, 210, 0.16410
835, 210, 0.16410
836, 210, 0.16410
837, 210, 0.16488
838, 210, 0.16567
839, 211, 0.16488
840, 210, 0.16488
841, 211, 0.16488
842, 211, 0.16488
843, 210, 0.16488
844, 211, 0.16567
845, 210, 0.16488
846, 211, 0.16488
847, 211, 0.16488
848, 211, 0.16488
849, 211, 0.16488
850, 212, 0.16567
851, 212, 0.16567
852, 212, 0.16488
853, 212, 0.16488
854, 211, 0.16488
855, 211, 0.16488
856, 210, 0.16567
857, 211, 0.16567
858, 212, 0.16488
859, 213, 0.16567
860, 212, 0.16567
861, 212, 0.16567
862, 213, 0.16723
863, 212, 0.16567
864, 212, 0.16645
865, 213, 0.16723
866, 212, 0.16645
867, 212, 0.16645
868, 212, 0.16567
869, 212, 0.16488
870, 212, 0.16723
871, 211, 0.16645
872, 213, 0.16645
873, 213, 0.16567
874, 212, 0.16723
875, 213, 0.16645
876, 214, 0.16645
877, 214, 0.16645
878, 212, 0.16645
879, 213, 0.16723
880, 213, 0.16723
881, 213, 0.16645
882, 213, 0.16645
883, 214, 0.16567
884, 213, 0.16645
885, 215, 0.16645
886, 214, 0.16645
887, 213, 0.16723
888, 213, 0.16723
889, 214, 0.16723
890, 213, 0.16723
891, 214, 0.16723
892, 214, 0.16723
893, 214, 0.16723
894, 214, 0.16723
895, 214, 0.16645
896, 213, 0.16723
897, 213, 0.16645
898, 214, 0.16645
899, 212, 0.16723
900, 214, 0.16723
901, 213, 0.16645
902, 214, 0.16801
903, 214, 0.16645
904, 214, 0.16723
905, 214, 0.16645
906, 214, 0.16723
907, 214, 0.16723
908, 214, 0.16801
909, 214, 0.16723
910, 214, 0.16645
911, 214, 0.16645
912, 214, 0.16723
913, 213, 0.16723
914, 214, 0.16645
915, 213, 0.16645
916, 214, 0.16723
917, 213, 0.16645
918, 213, 0.16723
919, 213, 0.16645
920, 213, 0.16723
921, 214, 0.16567
922, 213, 0.16567
923, 212, 0.16645
924, 212, 0.16488
925, 214, 0.16567
926, 213, 0.16645
927, 213, 0.16645
928, 212, 0.16645
929, 211, 0.16645
930, 212, 0.16567
931, 212, 0.16488
932, 212, 0.16488
933, 212, 0.16645
934, 212, 0.16567
935, 211, 0.16567
936, 212, 0.16567
937, 212, 0.16567
938, 211, 0.16567
939, 212, 0.16567
940, 210, 0.16488
941, 211, 0.16567
942, 211, 0.16488
943, 211, 0.16488
944, 210, 0.16488
945, 211, 0.16488
946, 210, 0.16488
947, 210, 0.16567
948, 210, 0.16410
949, 210, 0.16410
950, 211, 0.16410
951, 210, 0.16488
952, 211, 0.16488
953, 210, 0.16488
954, 210, 0.16410
955, 210, 0.16410
956, 210, 0.16332
957, 208, 0.16410
958, 210, 0.16332
959, 209, 0.16332
960, 211, 0.16410
961, 210, 0.16332
962, 209, 0.16332
963, 209, 0.16410
964, 209, 0.16332
965, 210, 0.16410
966, 209, 0.16332
967, 209, 0.16410
968, 209, 0.16176
969, 208, 0.16254
970, 209, 0.16254
971, 208, 0.16254
972, 208, 0.16254
973, 209, 0.16254
974, 208, 0.16332
975, 208, 0.16176
976, 207, 0.16254
977, 208, 0.16254
978, 208, 0.16254
979, 208, 0.16254
980, 207, 0.16254
981, 208, 0.16254
982, 206, 0.16176
983, 208, 0.16176
984, 207, 0.16176
985, 207, 0.16176
986, 206, 0.16176
987, 207, 0.16176
988, 207, 0.16098
989, 208, 0.16098
990, 207, 0.16098
991, 206, 0.16098
992, 207, 0.16098
993, 206, 0.16020
994, 204, 0.16098
995, 206, 0.16020
996, 205, 0.16020
997, 205, 0.16098
998, 205, 0.16098
999, 204, 0.16098
1000, 205, 0.16020
1001, 205, 0.15941
1002, 205, 0.16020
1003, 205, 0.15941
1004, 204, 0.15941
1005, 203, 0.15863
1006, 204, 0.16020
1007, 204, 0.15941
1008, 203, 0.15863
1009, 204, 0.15941
1010, 203, 0.15863
1011, 204, 0.15941
1012, 203, 0.15785
1013, 203, 0.15941
1014, 203, 0.15863
1015, 203, 0.15785
1016, 203, 0.15863
1017, 202, 0.15785
1018, 203, 0.15863
1019, 202, 0.15785
1020, 202, 0.15785
1021, 202, 0.15707
1022, 202, 0.15785
1023, 202, 0.15707
1024, 202, 0.15785
1025, 201, 0.15863
1026, 201, 0.15785
1027, 202, 0.15707
1028, 202, 0.15785
1029, 201, 0.15707
1030, 201, 0.15707
1031, 202, 0.15629
1032, 200, 0.15707
1033, 201, 0.15707
1034, 201, 0.15629
1035, 201, 0.15707
1036, 200, 0.15629
1037, 201, 0.15551
1038, 200, 0.15629
1039, 198, 0.15551
1040, 199, 0.15629
1041, 200, 0.15629
1042, 199, 0.15551
1043, 197, 0.15551
1044, 199, 0.15473
1045, 198, 0.15551
1046, 198, 0.15473
1047, 199, 0.15551
1048, 198, 0.15394
1049, 198, 0.15473
1050, 198, 0.15473
1051, 199, 0.15394
1052, 198, 0.15551
1053, 198, 0.15473
1054, 198, 0.15473
1055, 197, 0.15316
1056, 196, 0.15394
1057, 198, 0.15316
1058, 196, 0.15394
1059, 196, 0.15316
1060, 197, 0.15394
1061, 197, 0.15316
1062, 197, 0.15394
1063, 195, 0.15316
1064, 196, 0.15394
1065, 196, 0.15316
1066, 196, 0.15316
1067, 196, 0.15316
1068, 195, 0.15316
1069, 195, 0.15238
1070, 196, 0.15160
1071, 195, 0.15238
1072, 194, 0.15160
1073, 194, 0.15238
1074, 195, 0.15238
1075, 193, 0.15238
1076, 196, 0.15160
1077, 194, 0.15160
1078, 194, 0.15160
1079, 194, 0.15160
1080, 194, 0.15160
1081, 194, 0.15160
1082, 195, 0.15082
1083, 194, 0.15160
1084, 194, 0.15082
1085, 194, 0.15082
1086, 193, 0.15160
1087, 193, 0.15004
1088, 192, 0.15082
1089, 194, 0.15004
1090, 192, 0.15004
1091, 193, 0.15082
1092, 192, 0.15082
1093, 191, 0.15004
1094, 192, 0.15004
1095, 190, 0.14926
1096, 192, 0.15004
1097, 192, 0.15004
1098, 191, 0.15004
1099, 191, 0.15004
1100, 192, 0.14926
1101, 192, 0.15004
1102, 191, 0.14926
1103, 191, 0.14926
1104, 193, 0.14926
1105, 191, 0.14926
1106, 190, 0.14926
1107, 192, 0.14847
1108, 191, 0.14926
1109, 192, 0.14926
1110, 191, 0.14926
1111, 190, 0.14847
1112, 192, 0.14926
1113, 190, 0.14926
1114, 191, 0.14847
1115, 190, 0.14847
1116, 189, 0.14847
1117, 190, 0.14926
1118, 190, 0.14847
1119, 190, 0.14847
1120, 190, 0.14847
1121, 190, 0.14847
1122, 190, 0.14769
1123, 190, 0.14847
1124, 189, 0.14847
1125, 189, 0.14847
1126, 189, 0.14847
1127, 190, 0.14926
1128, 189, 0.14847
1129, 190, 0.14847
1130, 190, 0.14769
1131, 190, 0.14691
1132, 189, 0.14847
1133, 189, 0.14769
1134, 189, 0.14769
1135, 189, 0.14769
1136, 189, 0.14847
1137, 189, 0.14691
1138, 190, 0.14769
1139, 189, 0.14769
1140, 189, 0.14769
1141, 190, 0.14769
1142, 189, 0.14847
1143, 189, 0.14847
1144, 188, 0.14769
1145, 189, 0.14691
1146, 189, 0.14769
1147, 189, 0.14769
1148, 188, 0.14769
1149, 189, 0.14769
1150, 189, 0.14691
1151, 189, 0.14769
1152, 189, 0.14691
1153, 187, 0.14691
1154, 189, 0.14769
1155, 189, 0.14691
1156, 187, 0.14613
1157, 188, 0.14691
1158, 188, 0.14691
1159, 187, 0.14691
1160, 187, 0.14691
1161, 188, 0.14691
1162, 188, 0.14613
1163, 188, 0.14769
1164, 188, 0.14691
1165, 188, 0.14691
1166, 188, 0.14691
1167, 188, 0.14691
1168, 188, 0.14691
1169, 187, 0.14769
1170, 188, 0.14613
1171, 188, 0.14613
1172, 187, 0.14769
1173, 188, 0.14613
1174, 187, 0.14613
1175, 188, 0.14691
1176, 189, 0.14691
1177, 188, 0.14691
1178, 188, 0.14691
1179, 188, 0.14613
1180, 188, 0.14613
1181, 187, 0.14613
1182, 188, 0.14691
1183, 187, 0.14535
1184, 189, 0.14613
1185, 188, 0.14613
1186, 187, 0.14613
1187, 187, 0.14613
1188, 186, 0.14535
1189, 187, 0.14613
1190, 187, 0.14613
1191, 187, 0.14535
1192, 187, 0.14691
1193, 186, 0.14613
1194, 187, 0.14613
1195, 186, 0.14613
1196, 186, 0.14613
1197, 187, 0.14613
1198, 187, 0.14613
1199, 186, 0.14613
1200, 186, 0.14613
1201, 187, 0.14613
1202, 187, 0.14613
1203, 187, 0.14613
1204, 187, 0.14613
1205, 186, 0.14613
1206, 187, 0.14613
1207, 186, 0.14613
1208, 187, 0.14613
1209, 187, 0.14613
1210, 188, 0.14457
1211, 186, 0.14535
1212, 187, 0.14613
1213, 187, 0.14457
1214, 187, 0.14691
1215, 187, 0.14535
1216, 187, 0.14613
1217, 187, 0.14613
1218, 185, 0.14613
1219, 186, 0.14535
1220, 186, 0.14535
1221, 188, 0.14613
1222, 186, 0.14457
1223, 187, 0.14613
1224, 186, 0.14535
1225, 187, 0.14613
1226, 188, 0.14613
1227, 187, 0.14535
1228, 186, 0.14613
1229, 186, 0.14535
1230, 186, 0.14457
1231, 187, 0.14535
1232, 187, 0.14535
1233, 187, 0.14535
1234, 185, 0.14613
1235, 186, 0.14535
1236, 185, 0.14457
1237, 186, 0.14535
1238, 186, 0.14613
1239, 186, 0.14457
1240, 186, 0.14457
1241, 186, 0.14535
1242, 186, 0.14535
1243, 187, 0.14535
1244, 186, 0.14535
1245, 186, 0.14535
1246, 185, 0.14535
1247, 185, 0.14457
1248, 186, 0.14535
1249, 186, 0.14535
1250, 186, 0.14379
1251, 186, 0.14613
1252, 186, 0.14613
1253, 186, 0.14535
1254, 185, 0.14457
1255, 187, 0.14457
1256, 185, 0.14535
1257, 187, 0.14535
1258, 185, 0.14457
1259, 186, 0.14535
1260, 186, 0.14457
1261, 187, 0.14457
1262, 185, 0.14535
1263, 185, 0.14535
1264, 186, 0.14457
1265, 186, 0.14457
1266, 186, 0.14535
1267, 185, 0.14457
1268, 186, 0.14535
1269, 186, 0.14535
1270, 185, 0.14457
1271, 185, 0.14457
1272, 184, 0.14457
1273, 186, 0.14535
1274, 186, 0.14535
1275, 186, 0.14457
1276, 186, 0.14379
1277, 186, 0.14457
1278, 185, 0.14535
1279, 186, 0.14535
1280, 184, 0.14457
1281, 184, 0.14379
1282, 186, 0.14457
1283, 186, 0.14379
1284, 185, 0.14457
1285, 185, 0.14379
1286, 184, 0.14457
1287, 185, 0.14379
1288, 185, 0.14457
1289, 185, 0.14535
1290, 185, 0.14535
1291, 185, 0.14535
1292, 185, 0.14457
1293, 184, 0.14457
1294, 185, 0.14457
1295, 184, 0.14457
1296, 184, 0.14457
1297, 185, 0.14457
1298, 185, 0.14535
1299, 184, 0.14457
1300, 185, 0.14457
1301, 184, 0.14535
1302, 185, 0.14379
1303, 185, 0.14379
1304, 184, 0.14535
1305, 186, 0.14535
1306, 184, 0.14379
1307, 185, 0.14457
1308, 185, 0.14535
1309, 184, 0.14457
1310, 186, 0.14457
1311, 185, 0.14535
1312, 185, 0.14457
1313, 184, 0.14535
1314, 185, 0.14457
1315, 184, 0.14379
1316, 185, 0.14379
1317, 185, 0.14300
1318, 185, 0.14457
1319, 184, 0.14457
1320, 184, 0.14379
1321, 184, 0.14457
1322, 184, 0.14457
1323, 185, 0.14379
1324, 184, 0.14379
1325, 185, 0.14457
1326, 185, 0.14535
1327, 185, 0.14457
1328, 185, 0.14457
1329, 185, 0.14300
1330, 184, 0.14457
1331, 185, 0.14535
1332, 184, 0.14379
1333, 185, 0.14379
1334, 185, 0.14379
1335, 186, 0.14379
1336, 183, 0.14379
1337, 183, 0.14457
1338, 185, 0.14457
1339, 184, 0.14457
1340, 186, 0.14535
1341, 185, 0.14457
1342, 184, 0.14379
1343, 184, 0.14379
1344, 185, 0.14457
1345, 185, 0.14379
1346, 185, 0.14457
1347, 183, 0.14300
1348, 184, 0.14379
1349, 185, 0.14457
1350, 184, 0.14379
1351, 184, 0.14300
1352, 185, 0.14379
1353, 183, 0.14300
1354, 184, 0.14379
1355, 183, 0.14300
1356, 184, 0.14300
1357, 184, 0.14300
1358, 184, 0.14457
1359, 183, 0.14300
1360, 184, 0.14457
1361, 184, 0.14300
1362, 184, 0.14379
1363, 182, 0.14379
1364, 184, 0.14379
1365, 183, 0.14379
1366, 183, 0.14300
1367, 184, 0.14300
1368, 183, 0.14379
1369, 182, 0.14300
1370, 183, 0.14379
1371, 182, 0.14300
1372, 184, 0.14300
1373, 183, 0.14300
1374, 184, 0.14222
1375, 185, 0.14300
1376, 183, 0.14300
1377, 183, 0.14300
1378, 182, 0.14300
1379, 183, 0.14300
1380, 183, 0.14222
1381, 182, 0.14300
1382, 183, 0.14300
1383, 182, 0.14379
1384, 183, 0.14300
1385, 184, 0.14300
1386, 183, 0.14300
1387, 182, 0.14300
1388, 183, 0.14222
1389, 183, 0.14300
1390, 183, 0.14222
1391, 183, 0.14300
1392, 183, 0.14222
1393, 181, 0.14300
1394, 182, 0.14300
1395, 183, 0.14222
1396, 182, 0.14300
1397, 182, 0.14300
1398, 182, 0.14300
1399, 183, 0.14222
1400, 182, 0.14144
1401, 183, 0.14300
1402, 183, 0.14222
1403, 183, 0.14300
1404, 184, 0.14222
1405, 182, 0.14300
1406, 182, 0.14144
1407, 182, 0.14222
1408, 183, 0.14222
1409, 183, 0.14300
1410, 182, 0.14222
1411, 181, 0.14300
1412, 184, 0.14300
1413, 183, 0.14300
1414, 183, 0.14300
1415, 183, 0.14300
1416, 183, 0.14300
1417, 182, 0.14222
1418, 181, 0.14222
1419, 183, 0.14300
1420, 182, 0.14222
1421, 182, 0.14222
1422, 182, 0.14300
1423, 182, 0.14144
1424, 183, 0.14222
1425, 183, 0.14300
1426, 182, 0.14300
1427, 182, 0.14222
1428, 182, 0.14300
1429, 182, 0.14222
1430, 183, 0.14300
1431, 181, 0.14222
1432, 182, 0.14300
1433, 182, 0.14222
1434, 182, 0.14144
1435, 182, 0.14222
1436, 183, 0.14222
1437, 182, 0.14222
1438, 182, 0.14300
1439, 182, 0.14300
1440, 182, 0.14300
1441, 182, 0.14144
1442, 182, 0.14222
1443, 182, 0.14222
1444, 183, 0.14300
1445, 183, 0.14222
1446, 183, 0.14222
1447, 183, 0.14300
1448, 183, 0.14300
1449, 182, 0.14222
1450, 183, 0.14222
1451, 183, 0.14144
1452, 182, 0.14300
1453, 182, 0.14379
1454, 182, 0.14222
1455, 183, 0.14222
1456, 183, 0.14300
1457, 182, 0.14300
1458, 182, 0.14222
1459, 183, 0.14379
1460, 182, 0.14379
1461, 183, 0.14300
1462, 182, 0.14300
1463, 183, 0.14379
1464, 183, 0.14300
1465, 184, 0.14300
1466, 183, 0.14300
1467, 183, 0.14222
1468, 182, 0.14300
1469, 183, 0.14300
1470, 182, 0.14300
1471, 183, 0.14300
1472, 183, 0.14300
1473, 182, 0.14222
1474, 182, 0.14379
1475, 183, 0.14300
1476, 183, 0.14222
1477, 183, 0.14300
1478, 183, 0.14300
1479, 183, 0.14300
1480, 183, 0.14379
1481, 181, 0.14379
1482, 183, 0.14300
1483, 183, 0.14300
1484, 182, 0.14300
1485, 184, 0.14379
1486, 182, 0.14300
1487, 183, 0.14379
1488, 183, 0.14300
1489, 183, 0.14222
1490, 183, 0.14379
1491, 183, 0.14300
1492, 183, 0.14379
1493, 184, 0.14300
1494, 183, 0.14300
1495, 183, 0.14300
1496, 183, 0.14300
1497, 183, 0.14379
1498, 183, 0.14379
1499, 184, 0.14222
1500, 183, 0.14379
1501, 183, 0.14300
1502, 183, 0.14379
1503, 184, 0.14300
1504, 184, 0.14300
1505, 184, 0.14300
1506, 185, 0.14300
1507, 184, 0.14300
1508, 184, 0.14300
1509, 184, 0.14379
1510, 184, 0.14379
1511, 184, 0.14379
1512, 184, 0.14300
1513, 185, 0.14379
1514, 183, 0.14379
1515, 184, 0.14457
1516, 185, 0.14379
1517, 183, 0.14379
1518, 184, 0.14379
1519, 184, 0.14379
1520, 184, 0.14379
1521, 183, 0.14379
1522, 186, 0.14379
1523, 185, 0.14457
1524, 185, 0.14457
1525, 184, 0.14457
1526, 184, 0.14379
1527, 183, 0.14535
1528, 185, 0.14457
1529, 185, 0.14379
1530, 185, 0.14457
1531, 184, 0.14457
1532, 184, 0.14535
1533, 185, 0.14457
1534, 184, 0.14379
1535, 186, 0.14535
1536, 185, 0.14457
1537, 186, 0.14613
1538, 185, 0.14457
1539, 186, 0.14457
1540, 185, 0.14379
1541, 185, 0.14457
1542, 185, 0.14535
1543, 187, 0.14457
1544, 185, 0.14535
1545, 185, 0.14535
1546, 185, 0.14457
1547, 185, 0.14457
1548, 185, 0.14457
1549, 185, 0.14457
1550, 186, 0.14457
1551, 186, 0.14457
1552, 185, 0.14535
1553, 186, 0.14535
1554, 187, 0.14535
1555, 186, 0.14535
1556, 186, 0.14457
1557, 186, 0.14613
1558, 186, 0.14613
1559, 185, 0.14613
1560, 187, 0.14535
1561, 185, 0.14535
1562, 187, 0.14535
1563, 186, 0.14613
1564, 186, 0.14535
1565, 187, 0.14613
1566, 187, 0.14535
1567, 187, 0.14613
1568, 187, 0.14535
1569, 186, 0.14613
1570, 186, 0.14613
1571, 187, 0.14613
1572, 187, 0.14613
1573, 187, 0.14535
1574, 187, 0.14613
1575, 186, 0.14613
1576, 187, 0.14613
1577, 187, 0.14613
1578, 186, 0.14613
1579, 186, 0.14613
1580, 187, 0.14535
1581, 187, 0.14613
1582, 187, 0.14691
1583, 187, 0.14691
1584, 187, 0.14613
1585, 188, 0.14691
1586, 188, 0.14613
1587, 188, 0.14691
1588, 188, 0.14691
1589, 187, 0.14691
1590, 188, 0.14691
1591, 189, 0.14613
1592, 188, 0.14691
1593, 189, 0.14691
1594, 188, 0.14613
1595, 188, 0.14613
1596, 188, 0.14691
1597, 187, 0.14769
1598, 188, 0.14691
1599, 188, 0.14769
1600, 188, 0.14691
1601, 189, 0.14769
1602, 189, 0.14691
1603, 189, 0.14769
1604, 188, 0.14769
1605, 189, 0.14769
1606, 189, 0.14769
1607, 190, 0.14847
1608, 190, 0.14769
1609, 190, 0.14847
1610, 189, 0.14847
1611, 189, 0.14769
1612, 189, 0.14847
1613, 191, 0.14769
1614, 189, 0.14847
1615, 190, 0.14769
1616, 191, 0.14769
1617, 189, 0.14847
1618, 191, 0.14847
1619, 191, 0.14769
1620, 190, 0.14926
1621, 189, 0.14847
1622, 190, 0.14926
1623, 190, 0.14926
1624, 189, 0.14847
1625, 191, 0.14926
1626, 191, 0.14926
1627, 191, 0.14926
1628, 191, 0.14926
1629, 191, 0.14926
1630, 191, 0.14926
1631, 190, 0.15004
1632, 191, 0.14926
1633, 191, 0.15004
1634, 191, 0.14926
1635, 192, 0.15004
1636, 191, 0.15004
1637, 191, 0.15004
1638, 192, 0.15004
1639, 192, 0.15082
1640, 193, 0.15004
1641, 193, 0.15004
1642, 193, 0.15082
1643, 192, 0.15004
1644, 192, 0.15004
1645, 193, 0.15082
1646, 193, 0.15082
1647, 193, 0.15082
1648, 194, 0.15004
1649, 192, 0.15160
1650, 193, 0.15082
1651, 193, 0.15160
1652, 194, 0.15160
1653, 194, 0.15160
1654, 193, 0.15160
1655, 194, 0.15082
1656, 195, 0.15160
1657, 194, 0.15160
1658, 194, 0.15160
1659, 194, 0.15238
1660, 195, 0.15238
1661, 195, 0.15316
1662, 196, 0.15316
1663, 194, 0.15238
1664, 196, 0.15316
1665, 195, 0.15238
1666, 195, 0.15238
1667, 195, 0.15316
1668, 196, 0.15316
1669, 195, 0.15238
1670, 194, 0.15238
1671, 196, 0.15316
1672, 196, 0.15316
1673, 195, 0.15316
1674, 197, 0.15316
1675, 196, 0.15316
1676, 196, 0.15316
1677, 197, 0.15394
1678, 197, 0.15316
1679, 197, 0.15394
1680, 198, 0.15316
1681, 197, 0.15551
1682, 197, 0.15394
1683, 198, 0.15394
1684, 198, 0.15473
1685, 197, 0.15394
1686, 197, 0.15551
1687, 199, 0.15394
1688, 198, 0.15394
1689, 198, 0.15473
1690, 198, 0.15473
1691, 198, 0.15551
1692, 199, 0.15551
1693, 199, 0.15551
1694, 198, 0.15551
1695, 199, 0.15551
1696, 200, 0.15629
1697, 199, 0.15551
1698, 199, 0.15473
1699, 200, 0.15629
1700, 199, 0.15551
1701, 199, 0.15629
1702, 199, 0.15629
1703, 199, 0.15629
1704, 199, 0.15707
1705, 201, 0.15629
1706, 199, 0.15551
1707, 199, 0.15629
1708, 201, 0.15629
1709, 201, 0.15629
1710, 200, 0.15629
1711, 201, 0.15785
1712, 200, 0.15707
1713, 200, 0.15629
1714, 201, 0.15707
1715, 201, 0.15785
1716, 201, 0.15785
1717, 201, 0.15785
1718, 201, 0.15785
1719, 201, 0.15785
1720, 203, 0.15707
1721, 202, 0.15785
1722, 202, 0.15785
1723, 202, 0.15785
1724, 203, 0.15863
1725, 202, 0.15941
1726, 202, 0.15785
1727, 203, 0.15863
1728, 203, 0.15863
1729, 204, 0.15863
1730, 203, 0.15785
1731, 203, 0.15863
1732, 203, 0.15863
1733, 202, 0.15941
1734, 205, 0.15785
1735, 203, 0.15941
1736, 203, 0.15941
1737, 204, 0.16020
1738, 204, 0.16020
1739, 204, 0.15863
1740, 204, 0.15863
1741, 203, 0.15941
1742, 205, 0.15941
1743, 204, 0.15941
1744, 205, 0.16020
1745, 205, 0.16020
1746, 205, 0.15863
1747, 204, 0.15863
1748, 204, 0.16020
1749, 205, 0.16020
1750, 204, 0.15941
1751, 205, 0.16020
1752, 205, 0.16098
1753, 205, 0.16020
1754, 205, 0.16098
1755, 205, 0.16020
1756, 206, 0.16098
1757, 204, 0.15941
1758, 205, 0.16020
1759, 206, 0.16098
1760, 206, 0.16098
1761, 206, 0.15941
1762, 206, 0.16020
1763, 206, 0.16098
1764, 206, 0.16098
1765, 206, 0.16098
1766, 207, 0.16098
1767, 207, 0.16176
1768, 206, 0.16098
1769, 205, 0.16176
1770, 206, 0.16098
1771, 205, 0.16020
1772, 206, 0.16098
1773, 206, 0.16098
1774, 208, 0.16176
1775, 206, 0.16176
1776, 206, 0.16020
1777, 205, 0.16176
1778, 207, 0.16098
1779, 207, 0.16176
1780, 207, 0.16176
1781, 206, 0.16176
1782, 206, 0.16176
1783, 207, 0.16176
1784, 208, 0.16176
1785, 207, 0.16176
1786, 207, 0.16176
1787, 206, 0.16176
1788, 207, 0.16254
1789, 208, 0.16098
1790, 207, 0.16176
1791, 208, 0.16254
1792, 207, 0.16254
1793, 208, 0.16176
1794, 207, 0.16176
1795, 207, 0.16098
1796, 207, 0.16254
1797, 207, 0.16176
1798, 208, 0.16254
1799, 207, 0.16176
1800, 208, 0.16176
1801, 208, 0.16254
1802, 205, 0.16176
1803, 207, 0.16254
1804, 207, 0.16176
1805, 208, 0.16176
1806, 207, 0.16176
1807, 207, 0.16176
1808, 207, 0.16176
1809, 207, 0.16098
1810, 207, 0.16254
1811, 207, 0.16176
1812, 207, 0.16176
1813, 206, 0.16098
1814, 207, 0.16176
1815, 208, 0.16176
1816, 206, 0.16254
1817, 208, 0.16176
1818, 207, 0.16098
1819, 207, 0.16098
1820, 207, 0.16098
1821, 207, 0.16098
1822, 206, 0.16098
1823, 206, 0.16254
1824, 207, 0.16176
1825, 207, 0.16098
1826, 207, 0.16098
1827, 206, 0.16098
1828, 207, 0.16254
1829, 205, 0.16098
1830, 207, 0.16176
1831, 207, 0.16020
1832, 206, 0.16176
1833, 207, 0.16176
1834, 206, 0.16020
1835, 207, 0.16176
1836, 207, 0.16176
1837, 207, 0.16176
1838, 205, 0.16098
1839, 205, 0.16020
1840, 206, 0.16020
1841, 206, 0.16176
1842, 206, 0.16098
1843, 207, 0.16098
1844, 206, 0.16098
1845, 206, 0.16020
1846, 206, 0.16098
1847, 205, 0.16098
1848, 205, 0.16020
1849, 206, 0.16020
1850, 205, 0.16020
1851, 205, 0.16020
1852, 206, 0.16020
1853, 206, 0.16098
1854, 206, 0.16020
1855, 206, 0.16098
1856, 204, 0.16020
1857, 205, 0.16020
1858, 205, 0.16020
1859, 205, 0.16020
1860, 204, 0.16020
1861, 204, 0.15941
1862, 204, 0.16020
1863, 204, 0.16020
1864, 206, 0.16020
1865, 205, 0.16020
1866, 204, 0.16020
1867, 205, 0.16020
1868, 204, 0.15941
1869, 205, 0.16020
1870, 203, 0.15941
1871, 205, 0.15941
1872, 205, 0.16020
1873, 204, 0.15941
1874, 205, 0.15941
1875, 205, 0.15941
1876, 204, 0.15941
1877, 203, 0.15863
1878, 204, 0.15941
1879, 204, 0.15863
1880, 205, 0.15941
1881, 204, 0.15941
1882, 203, 0.15941
1883, 204, 0.15941
1884, 203, 0.15941
1885, 203, 0.15941
1886, 203, 0.15785
1887, 202, 0.15863
1888, 203, 0.15785
1889, 203, 0.15863
1890, 203, 0.15863
1891, 203, 0.15863
1892, 203, 0.15863
1893, 202, 0.15785
1894, 203, 0.15863
1895, 203, 0.15785
1896, 203, 0.15863
1897, 203, 0.15863
1898, 203, 0.15785
1899, 203, 0.15785
1900, 202, 0.15863
1901, 202, 0.15785
1902, 202, 0.15785
1903, 201, 0.15785
1904, 202, 0.15785
1905, 202, 0.15785
1906, 202, 0.15785
1907, 202, 0.15785
1908, 201, 0.15707
1909, 201, 0.15785
1910, 202, 0.15707
1911, 200, 0.15785
1912, 201, 0.15785
1913, 201, 0.15707
1914, 201, 0.15707
1915, 202, 0.15707
1916, 201, 0.15707
1917, 202, 0.15707
1918, 201, 0.15785
1919, 201, 0.15629
1920, 200, 0.15629
1921, 201, 0.15629
1922, 201, 0.15629
1923, 201, 0.15707
1924, 201, 0.15629
1925, 200, 0.15629
1926, 200, 0.15629
1927, 200, 0.15629
1928, 200, 0.15629
1929, 200, 0.15629
1930, 200, 0.15629
1931, 200, 0.15707
1932, 200, 0.15629
1933, 200, 0.15551
1934, 199, 0.15629
1935, 199, 0.15551
1936, 200, 0.15629
1937, 200, 0.15629
1938, 200, 0.15629
1939, 199, 0.15629
1940, 200, 0.15629
1941, 199, 0.15629
1942, 199, 0.15473
1943, 198, 0.15551
1944, 199, 0.15473
1945, 199, 0.15551
1946, 198, 0.15551
1947, 198, 0.15551
1948, 199, 0.15629
1949, 199, 0.15551
1950, 198, 0.15551
1951, 199, 0.15551
1952, 198, 0.15551
1953, 198, 0.15551
1954, 199, 0.15551
1955, 197, 0.15473
1956, 199, 0.15551
1957, 198, 0.15473
1958, 198, 0.15473
1959, 199, 0.15551
1960, 197, 0.15473
1961, 199, 0.15473
1962, 197, 0.15473
1963, 199, 0.15473
1964, 198, 0.15394
1965, 198, 0.15551
1966, 197, 0.15394
1967, 197, 0.15394
1968, 197, 0.15473
1969, 198, 0.15394
1970, 197, 0.15473
1971, 196, 0.15473
1972, 198, 0.15473
1973, 197, 0.15394
1974, 196, 0.15394
1975, 197, 0.15394
1976, 196, 0.15394
1977, 197, 0.15394
1978, 197, 0.15316
1979, 197, 0.15394
1980, 197, 0.15394
1981, 197, 0.15473
1982, 196, 0.15394
1983, 197, 0.15394
1984, 196, 0.15316
1985, 197, 0.15394
1986, 197, 0.15316
1987, 196, 0.15394
1988, 196, 0.15394
1989, 196, 0.15316
1990, 195, 0.15394
1991, 196, 0.15394
1992, 197, 0.15394
1993, 195, 0.15316
1994, 194, 0.15394
1995, 197, 0.15316
1996, 195, 0.15316
1997, 197, 0.15316
1998, 196, 0.15238
1999, 196, 0.15316
2000, 195, 0.15238
2001, 196, 0.15316
2002, 196, 0.15316
2003, 196, 0.15316
2004, 196, 0.15238
2005, 197, 0.15238
2006, 197, 0.15238
2007, 196, 0.15316
2008, 196, 0.15160
2009, 196, 0.15316
2010, 195, 0.15316
2011, 195, 0.15316
2012, 196, 0.15238
2013, 195, 0.15238
2014, 194, 0.15238
2015, 195, 0.15238
2016, 195, 0.15316
2017, 195, 0.15316
2018, 195, 0.15160
2019, 194, 0.15238
2020, 195, 0.15238
2021, 195, 0.15238
2022, 196, 0.15082
2023, 195, 0.15160
2024, 194, 0.15160
2025, 194, 0.15238
2026, 193, 0.15160
2027, 194, 0.15160
2028, 195, 0.15160
2029, 194, 0.15160
2030, 195, 0.15160
2031, 194, 0.15160
2032, 195, 0.15160
2033, 194, 0.15160
2034, 193, 0.15082
2035, 194, 0.15160
2036, 194, 0.15160
2037, 195, 0.15160
2038, 194, 0.15160
2039, 194, 0.15238
2040, 193, 0.15160
2041, 193, 0.15160
2042, 193, 0.15082
2043, 194, 0.15004
2044, 194, 0.15082
2045, 192, 0.15082
2046, 193, 0.15004
2047, 193, 0.15082
2048, 193, 0.15004
2049, 194, 0.15004
2050, 193, 0.15082
2051, 192, 0.15004
2052, 193, 0.15004
2053, 192, 0.14926
2054, 193, 0.15004
2055, 192, 0.15082
2056, 192, 0.15004
2057, 193, 0.15004
2058, 192, 0.14926
2059, 193, 0.15004
2060, 191, 0.15004
2061, 192, 0.15004
2062, 192, 0.14926
2063, 191, 0.14926
2064, 193, 0.15004
2065, 192, 0.14926
2066, 192, 0.14926
2067, 191, 0.14926
2068, 192, 0.14926
2069, 191, 0.14926
2070, 191, 0.14926
2071, 190, 0.14926
2072, 189, 0.14926
2073, 191, 0.14847
2074, 191, 0.14769
2075, 191, 0.14769
2076, 190, 0.14926
2077, 191, 0.14926
2078, 191, 0.14847
2079, 191, 0.14847
2080, 190, 0.14847
2081, 191, 0.14847
2082, 189, 0.14847
2083, 188, 0.14847
2084, 189, 0.14847
2085, 189, 0.14769
2086, 190, 0.14847
2087, 190, 0.14769
2088, 189, 0.14769
2089, 188, 0.14769
2090, 189, 0.14769
2091, 189, 0.14691
2092, 189, 0.14769
2093, 189, 0.14769
2094, 189, 0.14847
2095, 188, 0.14769
2096, 188, 0.14769
2097, 189, 0.14769
2098, 188, 0.14691
2099, 189, 0.14691
2100, 189, 0.14769
2101, 188, 0.14691
2102, 187, 0.14691
2103, 188, 0.14613
2104, 189, 0.14613
2105, 188, 0.14613
2106, 187, 0.14613
2107, 186, 0.14613
2108, 188, 0.14535
2109, 187, 0.14535
2110, 187, 0.14613
2111, 187, 0.14613
2112, 186, 0.14613
2113, 186, 0.14535
2114, 187, 0.14535
2115, 186, 0.14457
2116, 186, 0.14535
2117, 186, 0.14535
2118, 186, 0.14535
2119, 185, 0.14379
2120, 186, 0.14535
2121, 185, 0.14457
2122, 186, 0.14457
2123, 185, 0.14300
2124, 186, 0.14457
2125, 184, 0.14379
2126, 184, 0.14457
2127, 184, 0.14457
2128, 184, 0.14379
2129, 184, 0.14379
2130, 183, 0.14379
2131, 184, 0.14300
2132, 184, 0.14379
2133, 184, 0.14300
2134, 183, 0.14222
2135, 183, 0.14379
2136, 183, 0.14379
2137, 183, 0.14300
2138, 183, 0.14379
2139, 182, 0.14300
2140, 182, 0.14222
2141, 182, 0.14222
2142, 181, 0.14222
2143, 183, 0.14222
2144, 183, 0.14222
2145, 182, 0.14222
2146, 182, 0.14144
2147, 181, 0.14144
2148, 181, 0.14222
2149, 182, 0.14144
2150, 180, 0.14066
2151, 181, 0.14222
2152, 181, 0.14222
2153, 180, 0.14144
2154, 181, 0.14144
2155, 181, 0.14144
2156, 181, 0.14222
2157, 181, 0.14144
2158, 180, 0.14144
2159, 181, 0.14066
2160, 181, 0.14144
2161, 181, 0.14066
2162, 180, 0.13988
2163, 180, 0.14066
2164, 180, 0.14144
2165, 180, 0.14144
2166, 180, 0.13988
2167, 179, 0.14066
2168, 181, 0.13988
2169, 180, 0.13988
2170, 179, 0.13988
2171, 179, 0.13988
2172, 179, 0.13910
2173, 179, 0.13988
2174, 178, 0.13988
2175, 179, 0.14066
2176, 179, 0.13988
2177, 179, 0.13988
2178, 179, 0.13988
2179, 180, 0.13988
2180, 179, 0.13988
2181, 178, 0.13910
2182, 178, 0.13988
2183, 179, 0.13988
2184, 179, 0.13988
2185, 178, 0.13910
2186, 178, 0.13910
2187, 178, 0.13988
2188, 178, 0.13910
2189, 178, 0.13910
2190, 178, 0.13910
2191, 178, 0.13910
2192, 178, 0.13910
2193, 177, 0.13910
2194, 178, 0.13910
2195, 178, 0.13832
2196, 178, 0.13832
2197, 178, 0.13910
2198, 178, 0.13832
2199, 178, 0.13910
2200, 177, 0.13910
2201, 177, 0.13832
2202, 178, 0.13910
2203, 177, 0.13753
2204, 177, 0.13832
2205, 179, 0.13910
2206, 177, 0.13910
2207, 176, 0.13910
2208, 178, 0.13753
2209, 177, 0.13832
2210, 177, 0.13832
2211, 177, 0.13753
2212, 176, 0.13832
2213, 177, 0.13832
2214, 177, 0.13832
2215, 178, 0.13832
2216, 177, 0.13832
2217, 178, 0.13753
2218, 177, 0.13832
2219, 176, 0.13832
2220, 177, 0.13753
2221, 177, 0.13832
2222, 177, 0.13753
2223, 176, 0.13910
2224, 177, 0.13832
2225, 177, 0.13753
2226, 177, 0.13832
2227, 177, 0.13832
2228, 177, 0.13753
2229, 176, 0.13753
2230, 178, 0.13832
2231, 175, 0.13832
2232, 176, 0.13753
2233, 177, 0.13753
2234, 177, 0.13832
2235, 176, 0.13832
2236, 176, 0.13832
2237, 176, 0.13753
2238, 176, 0.13832
2239, 176, 0.13753
2240, 176, 0.13832
2241, 176, 0.13753
2242, 176, 0.13753
2243, 177, 0.13753
2244, 176, 0.13910
2245, 176, 0.13753
2246, 176, 0.13753
2247, 176, 0.13753
2248, 176, 0.13753
2249, 176, 0.13753
2250, 176, 0.13753
2251, 176, 0.13832
2252, 176, 0.13675
2253, 176, 0.13832
2254, 176, 0.13753
2255, 176, 0.13753
2256, 176, 0.13753
2257, 176, 0.13753
2258, 176, 0.13753
2259, 177, 0.13832
2260, 176, 0.13753
2261, 175, 0.13753
2262, 176, 0.13675
2263, 175, 0.13753
2264, 177, 0.13753
2265, 176, 0.13753
2266, 176, 0.13675
2267, 176, 0.13597
2268, 175, 0.13753
2269, 175, 0.13753
2270, 176, 0.13675
2271, 176, 0.13753
2272, 176, 0.13753
2273, 176, 0.13753
2274, 174, 0.13753
2275, 176, 0.13753
2276, 176, 0.13675
2277, 175, 0.13675
2278, 176, 0.13753
2279, 176, 0.13675
2280, 176, 0.13675
2281, 175, 0.13753
2282, 175, 0.13753
2283, 175, 0.13753
2284, 176, 0.13753
2285, 175, 0.13753
2286, 176, 0.13753
2287, 176, 0.13753
2288, 176, 0.13675
2289, 176, 0.13675
2290, 176, 0.13753
2291, 175, 0.13675
2292, 176, 0.13753
2293, 175, 0.13753
2294, 176, 0.13675
2295, 175, 0.13675
2296, 175, 0.13753
2297, 175, 0.13675
2298, 176, 0.13675
2299, 176, 0.13753
2300, 175, 0.13675
2301, 175, 0.13675
2302, 174, 0.13675
2303, 175, 0.13753
2304, 176, 0.13675
2305, 175, 0.13675
2306, 175, 0.13675
2307, 174, 0.13675
2308, 174, 0.13675
2309, 175, 0.13753
2310, 175, 0.13675
2311, 175, 0.13675
2312, 175, 0.13675
2313, 175, 0.13675
2314, 176, 0.13675
2315, 175, 0.13675
2316, 174, 0.13675
2317, 176, 0.13675
2318, 174, 0.13753
2319, 175, 0.13675
2320, 175, 0.13597
2321, 175, 0.13675
2322, 174, 0.13675
2323, 176, 0.13753
2324, 175, 0.13675
2325, 175, 0.13675
2326, 176, 0.13753
2327, 174, 0.13675
2328, 174, 0.13675
2329, 175, 0.13675
2330, 175, 0.13675
2331, 174, 0.13597
2332, 175, 0.13675
2333, 175, 0.13597
2334, 174, 0.13675
2335, 175, 0.13675
2336, 174, 0.13675
2337, 174, 0.13675
2338, 176, 0.13597
2339, 174, 0.13675
2340, 175, 0.13675
2341, 175, 0.13675
2342, 175, 0.13675
2343, 173, 0.13675
2344, 175, 0.13597
2345, 175, 0.13675
2346, 175, 0.13753
2347, 176, 0.13675
2348, 175, 0.13675
2349, 175, 0.13675
2350, 175, 0.13597
2351, 176, 0.13597
2352, 175, 0.13675
2353, 175, 0.13753
2354, 175, 0.13675
2355, 175, 0.13675
2356, 175, 0.13675
2357, 175, 0.13675
2358, 173, 0.13597
2359, 176, 0.13675
2360, 174, 0.13675
2361, 175, 0.13675
2362, 175, 0.13675
2363, 175, 0.13675
2364, 174, 0.13675
2365, 175, 0.13753
2366, 175, 0.13675
2367, 176, 0.13597
2368, 175, 0.13753
2369, 174, 0.13675
2370, 175, 0.13675
2371, 175, 0.13675
2372, 175, 0.13597
2373, 175, 0.13675
2374, 176, 0.13675
2375, 176, 0.13519
2376, 175, 0.13753
2377, 175, 0.13753
2378, 176, 0.13597
2379, 175, 0.13832
2380, 176, 0.13753
2381, 176, 0.13753
2382, 177, 0.13753
2383, 176, 0.13753
2384, 176, 0.13753
2385, 177, 0.13753
2386, 176, 0.13753
2387, 176, 0.13753
2388, 178, 0.13753
2389, 176, 0.13832
2390, 176, 0.13832
2391, 177, 0.13753
2392, 177, 0.13832
2393, 177, 0.13675
2394, 176, 0.13910
2395, 177, 0.13832
2396, 178, 0.13832
2397, 177, 0.13832
2398, 177, 0.13910
2399, 178, 0.13832
2400, 177, 0.13832
2401, 178, 0.13910
2402, 178, 0.13910
2403, 178, 0.13910
2404, 177, 0.13910
2405, 178, 0.13910
2406, 178, 0.13910
2407, 179, 0.13988
2408, 179, 0.14066
2409, 179, 0.13988
2410, 180, 0.13988
2411, 178, 0.13910
2412, 179, 0.13988
2413, 179, 0.13988
2414, 179, 0.14066
2415, 180, 0.14066
2416, 179, 0.14066
2417, 179, 0.14066
2418, 180, 0.14066
2419, 179, 0.14066
2420, 181, 0.14144
2421, 180, 0.14066
2422, 180, 0.14066
2423, 181, 0.14144
2424, 180, 0.14144
2425, 180, 0.14066
2426, 180, 0.14144
2427, 182, 0.14066
2428, 181, 0.14144
2429, 181, 0.14066
2430, 181, 0.14144
2431, 181, 0.14144
2432, 181, 0.14144
2433, 182, 0.14222
2434, 181, 0.14144
2435, 182, 0.14144
2436, 183, 0.14300
2437, 183, 0.14222
2438, 182, 0.14222
2439, 182, 0.14300
2440, 183, 0.14300
2441, 183, 0.14222
2442, 182, 0.14300
2443, 183, 0.14300
2444, 182, 0.14300
2445, 184, 0.14379
2446, 183, 0.14300
2447, 183, 0.14379
2448, 184, 0.14379
2449, 183, 0.14300
2450, 184, 0.14457
2451, 185, 0.14457
2452, 184, 0.14457
2453, 185, 0.14379
2454, 184, 0.1445