freq, ADC_open_at, voltage_open_at
25, 84, 0.07814
26, 100, 0.06642
27, 94, 0.06799
28, 84, 0.07267
29, 89, 0.06799
30, 85, 0.06252
31, 69, 0.05705
32, 80, 0.06330
33, 68, 0.05939
34, 76, 0.05079
35, 62, 0.06173
36, 77, 0.05314
37, 58, 0.04611
38, 58, 0.04923
39, 68, 0.04532
40, 64, 0.05470
41, 56, 0.05470
42, 69, 0.04376
43, 56, 0.04689
44, 55, 0.05079
45, 50, 0.05236
46, 59, 0.04220
47, 61, 0.04063
48, 58, 0.05079
49, 62, 0.04376
50, 54, 0.04923
51, 57, 0.04689
52, 48, 0.04142
53, 48, 0.04220
54, 55, 0.04376
55, 47, 0.04142
56, 46, 0.03673
57, 54, 0.04063
58, 46, 0.03438
59, 49, 0.03985
60, 43, 0.03751
61, 39, 0.03282
62, 49, 0.02969
63, 42, 0.03673
64, 48, 0.03282
65, 38, 0.03360
66, 44, 0.03126
67, 43, 0.03595
68, 36, 0.03438
69, 43, 0.02813
70, 37, 0.03126
71, 46, 0.03673
72, 34, 0.02969
73, 42, 0.02657
74, 33, 0.03360
75, 41, 0.03282
76, 40, 0.02501
77, 41, 0.02891
78, 33, 0.03048
79, 33, 0.02735
80, 38, 0.02501
81, 33, 0.02969
82, 34, 0.02813
83, 36, 0.02813
84, 34, 0.02891
85, 35, 0.02813
86, 38, 0.02813
87, 42, 0.02813
88, 43, 0.03048
89, 43, 0.03048
90, 42, 0.03126
91, 40, 0.03673
92, 43, 0.03282
93, 44, 0.03673
94, 46, 0.03985
95, 54, 0.04142
96, 53, 0.04142
97, 60, 0.04298
98, 59, 0.04220
99, 57, 0.04611
100, 61, 0.04454
101, 63, 0.04845
102, 57, 0.04689
103, 59, 0.05158
104, 64, 0.04845
105, 66, 0.05314
106, 67, 0.05236
107, 65, 0.05548
108, 66, 0.05001
109, 67, 0.05079
110, 69, 0.05548
111, 69, 0.05470
112, 70, 0.05626
113, 73, 0.05392
114, 71, 0.05470
115, 74, 0.05548
116, 75, 0.05861
117, 74, 0.05548
118, 74, 0.06017
119, 78, 0.05705
120, 76, 0.06173
121, 75, 0.06252
122, 76, 0.06017
123, 81, 0.06252
124, 81, 0.06017
125, 81, 0.06564
126, 81, 0.06408
127, 84, 0.06330
128, 83, 0.06252
129, 84, 0.06486
130, 84, 0.06642
131, 86, 0.06720
132, 84, 0.06877
133, 87, 0.06564
134, 86, 0.06877
135, 85, 0.06720
136, 84, 0.06799
137, 85, 0.06564
138, 84, 0.06642
139, 83, 0.06564
140, 86, 0.06486
141, 87, 0.06564
142, 86, 0.06486
143, 86, 0.06799
144, 87, 0.06799
145, 87, 0.06877
146, 88, 0.07033
147, 90, 0.07033
148, 90, 0.07111
149, 92, 0.07033
150, 95, 0.07346
151, 93, 0.07346
152, 98, 0.07580
153, 96, 0.07424
154, 98, 0.07814
155, 97, 0.07424
156, 98, 0.07502
157, 100, 0.07736
158, 98, 0.07736
159, 99, 0.07814
160, 102, 0.07736
161, 100, 0.07658
162, 100, 0.07814
163, 104, 0.08049
164, 102, 0.08127
165, 103, 0.07971
166, 103, 0.08049
167, 102, 0.08127
168, 100, 0.07893
169, 101, 0.08127
170, 100, 0.08049
171, 100, 0.07971
172, 103, 0.07971
173, 102, 0.07971
174, 101, 0.08049
175, 103, 0.08205
176, 102, 0.08127
177, 104, 0.08049
178, 101, 0.07893
179, 102, 0.08127
180, 100, 0.07971
181, 99, 0.07424
182, 98, 0.07658
183, 95, 0.07502
184, 96, 0.07736
185, 95, 0.07580
186, 92, 0.07189
187, 90, 0.07267
188, 93, 0.07346
189, 94, 0.07267
190, 94, 0.07189
191, 92, 0.07111
192, 91, 0.07111
193, 92, 0.07267
194, 91, 0.07267
195, 94, 0.07346
196, 92, 0.07267
197, 91, 0.07111
198, 92, 0.07111
199, 89, 0.07111
200, 91, 0.07111
201, 90, 0.06877
202, 88, 0.07033
203, 89, 0.07111
204, 87, 0.06955
205, 90, 0.06877
206, 89, 0.07033
207, 90, 0.06799
208, 89, 0.06877
209, 86, 0.06799
210, 87, 0.06720
211, 83, 0.06642
212, 85, 0.06486
213, 84, 0.06486
214, 84, 0.06486
215, 83, 0.06564
216, 84, 0.06486
217, 83, 0.06564
218, 82, 0.06564
219, 81, 0.06486
220, 79, 0.06252
221, 78, 0.06095
222, 76, 0.06017
223, 76, 0.05939
224, 75, 0.05783
225, 73, 0.05705
226, 72, 0.05626
227, 71, 0.05705
228, 69, 0.05548
229, 68, 0.05236
230, 68, 0.05314
231, 68, 0.05158
232, 63, 0.05079
233, 65, 0.05079
234, 64, 0.05079
235, 62, 0.04767
236, 61, 0.04611
237, 59, 0.04611
238, 59, 0.04611
239, 54, 0.04298
240, 53, 0.04376
241, 54, 0.04220
242, 51, 0.03907
243, 50, 0.04063
244, 51, 0.03829
245, 48, 0.03829
246, 48, 0.03829
247, 49, 0.03673
248, 47, 0.03595
249, 49, 0.03907
250, 49, 0.03751
251, 47, 0.03829
252, 50, 0.03673
253, 48, 0.03829
254, 48, 0.03985
255, 50, 0.03829
256, 50, 0.03907
257, 53, 0.04063
258, 52, 0.04142
259, 51, 0.04063
260, 51, 0.04220
261, 52, 0.04063
262, 51, 0.04298
263, 52, 0.03907
264, 51, 0.03985
265, 51, 0.03985
266, 51, 0.04063
267, 52, 0.04142
268, 51, 0.03985
269, 51, 0.04063
270, 53, 0.04063
271, 51, 0.04142
272, 51, 0.04142
273, 53, 0.04220
274, 52, 0.04063
275, 54, 0.04142
276, 54, 0.04298
277, 54, 0.04298
278, 54, 0.04220
279, 56, 0.04142
280, 58, 0.04454
281, 59, 0.04611
282, 62, 0.04923
283, 61, 0.04767
284, 64, 0.05001
285, 64, 0.05158
286, 68, 0.05236
287, 67, 0.05158
288, 68, 0.05314
289, 68, 0.05158
290, 69, 0.05470
291, 70, 0.05392
292, 70, 0.05470
293, 74, 0.05861
294, 74, 0.05783
295, 77, 0.05861
296, 79, 0.06095
297, 77, 0.06173
298, 77, 0.06252
299, 79, 0.06173
300, 81, 0.06330
301, 81, 0.06408
302, 82, 0.06408
303, 83, 0.06486
304, 83, 0.06564
305, 86, 0.06720
306, 85, 0.06720
307, 85, 0.06877
308, 85, 0.06642
309, 86, 0.06799
310, 87, 0.06720
311, 87, 0.06720
312, 85, 0.06642
313, 87, 0.06720
314, 89, 0.06564
315, 87, 0.06799
316, 87, 0.06799
317, 88, 0.06799
318, 88, 0.06955
319, 88, 0.07033
320, 91, 0.06877
321, 91, 0.07033
322, 90, 0.07111
323, 91, 0.07111
324, 92, 0.07033
325, 90, 0.07189
326, 93, 0.07189
327, 93, 0.07111
328, 92, 0.07189
329, 91, 0.07346
330, 92, 0.07267
331, 89, 0.07033
332, 89, 0.07033
333, 89, 0.06877
334, 87, 0.06799
335, 85, 0.06564
336, 84, 0.06642
337, 85, 0.06720
338, 84, 0.06564
339, 86, 0.06799
340, 88, 0.06799
341, 87, 0.06720
342, 88, 0.06955
343, 92, 0.07267
344, 89, 0.07033
345, 91, 0.07111
346, 96, 0.07502
347, 94, 0.07502
348, 97, 0.07346
349, 98, 0.07658
350, 99, 0.07736
351, 102, 0.08127
352, 102, 0.07971
353, 102, 0.08049
354, 103, 0.08049
355, 102, 0.07893
356, 103, 0.07893
357, 100, 0.07893
358, 98, 0.07814
359, 96, 0.07658
360, 92, 0.07346
361, 90, 0.07111
362, 93, 0.07189
363, 93, 0.07267
364, 91, 0.07111
365, 90, 0.07111
366, 90, 0.07033
367, 91, 0.07111
368, 89, 0.07111
369, 93, 0.07189
370, 89, 0.07111
371, 90, 0.07033
372, 90, 0.06955
373, 90, 0.07033
374, 89, 0.06955
375, 89, 0.06799
376, 88, 0.06955
377, 87, 0.06877
378, 88, 0.06799
379, 85, 0.06564
380, 86, 0.06720
381, 85, 0.06564
382, 85, 0.06564
383, 85, 0.06564
384, 84, 0.06720
385, 83, 0.06564
386, 85, 0.06642
387, 85, 0.06642
388, 84, 0.06720
389, 83, 0.06642
390, 83, 0.06408
391, 82, 0.06408
392, 82, 0.06330
393, 81, 0.06330
394, 79, 0.06330
395, 77, 0.06017
396, 76, 0.05861
397, 75, 0.05705
398, 72, 0.05548
399, 70, 0.05314
400, 67, 0.05158
401, 66, 0.05001
402, 62, 0.05079
403, 60, 0.04689
404, 59, 0.04532
405, 58, 0.04376
406, 55, 0.04220
407, 53, 0.04142
408, 52, 0.04063
409, 52, 0.03985
410, 51, 0.04063
411, 50, 0.03907
412, 48, 0.03829
413, 47, 0.03751
414, 46, 0.03595
415, 47, 0.03673
416, 46, 0.03516
417, 45, 0.03516
418, 44, 0.03360
419, 44, 0.03516
420, 44, 0.03360
421, 44, 0.03438
422, 45, 0.03673
423, 46, 0.03751
424, 48, 0.03829
425, 49, 0.03985
426, 52, 0.03985
427, 53, 0.04142
428, 53, 0.04220
429, 52, 0.04142
430, 50, 0.04063
431, 51, 0.03907
432, 51, 0.03907
433, 51, 0.03907
434, 50, 0.03829
435, 49, 0.03907
436, 50, 0.03985
437, 49, 0.04063
438, 50, 0.03829
439, 53, 0.03985
440, 53, 0.04142
441, 53, 0.04220
442, 54, 0.04220
443, 55, 0.04298
444, 57, 0.04376
445, 55, 0.04298
446, 57, 0.04454
447, 56, 0.04532
448, 57, 0.04767
449, 59, 0.04689
450, 61, 0.04923
451, 63, 0.05079
452, 65, 0.05158
453, 67, 0.05236
454, 67, 0.05548
455, 70, 0.05626
456, 73, 0.05783
457, 76, 0.05626
458, 74, 0.05939
459, 78, 0.06173
460, 78, 0.06252
461, 80, 0.06252
462, 81, 0.06330
463, 81, 0.06252
464, 79, 0.06330
465, 82, 0.06330
466, 82, 0.06252
467, 82, 0.06408
468, 81, 0.06486
469, 83, 0.06486
470, 84, 0.06642
471, 85, 0.06955
472, 87, 0.07033
473, 91, 0.07033
474, 93, 0.07346
475, 93, 0.07346
476, 97, 0.07658
477, 99, 0.07814
478, 101, 0.07893
479, 101, 0.07971
480, 103, 0.07971
481, 104, 0.07971
482, 103, 0.07971
483, 100, 0.07893
484, 100, 0.07814
485, 102, 0.07814
486, 101, 0.07814
487, 101, 0.07893
488, 99, 0.07814
489, 102, 0.07893
490, 102, 0.07971
491, 101, 0.08049
492, 103, 0.07893
493, 102, 0.07971
494, 102, 0.08127
495, 101, 0.07893
496, 101, 0.08049
497, 104, 0.07893
498, 103, 0.08049
499, 102, 0.08127
500, 104, 0.07971
501, 104, 0.07971
502, 101, 0.08049
503, 102, 0.07971
504, 101, 0.07814
505, 101, 0.07736
506, 99, 0.07658
507, 99, 0.07736
508, 99, 0.07971
509, 100, 0.07736
510, 97, 0.07736
511, 96, 0.07658
512, 96, 0.07424
513, 98, 0.07580
514, 94, 0.07502
515, 96, 0.07267
516, 92, 0.07189
517, 90, 0.07111
518, 90, 0.07111
519, 92, 0.07111
520, 93, 0.07267
521, 92, 0.07267
522, 93, 0.07189
523, 92, 0.07346
524, 96, 0.07502
525, 91, 0.07424
526, 96, 0.07658
527, 100, 0.07658
528, 98, 0.07971
529, 99, 0.07893
530, 100, 0.07971
531, 100, 0.08049
532, 100, 0.07971
533, 100, 0.07736
534, 102, 0.07893
535, 97, 0.07893
536, 99, 0.07424
537, 96, 0.07267
538, 92, 0.07267
539, 89, 0.06955
540, 87, 0.06642
541, 87, 0.06408
542, 82, 0.06252
543, 78, 0.06486
544, 77, 0.05939
545, 75, 0.05783
546, 71, 0.05470
547, 72, 0.05314
548, 67, 0.05392
549, 66, 0.05236
550, 65, 0.05001
551, 62, 0.04923
552, 61, 0.04767
553, 59, 0.04845
554, 58, 0.04454
555, 56, 0.04376
556, 55, 0.04298
557, 55, 0.04376
558, 56, 0.04220
559, 55, 0.04220
560, 54, 0.04220
561, 54, 0.04376
562, 55, 0.04220
563, 53, 0.04220
564, 52, 0.04063
565, 51, 0.04063
566, 52, 0.04142
567, 52, 0.04063
568, 52, 0.04063
569, 53, 0.03985
570, 52, 0.04063
571, 52, 0.03985
572, 52, 0.03985
573, 51, 0.03985
574, 51, 0.03907
575, 50, 0.03907
576, 51, 0.04142
577, 52, 0.04142
578, 51, 0.04063
579, 52, 0.04142
580, 52, 0.04220
581, 53, 0.04220
582, 54, 0.04142
583, 53, 0.04298
584, 55, 0.04298
585, 54, 0.04298
586, 55, 0.04142
587, 55, 0.04298
588, 55, 0.04298
589, 56, 0.04376
590, 57, 0.04454
591, 58, 0.04454
592, 58, 0.04767
593, 59, 0.04689
594, 62, 0.04767
595, 64, 0.05001
596, 65, 0.05314
597, 66, 0.05392
598, 69, 0.05626
599, 72, 0.05626
600, 73, 0.05783
601, 74, 0.05939
602, 75, 0.05939
603, 75, 0.06095
604, 77, 0.05939
605, 78, 0.06017
606, 78, 0.06252
607, 79, 0.06095
608, 79, 0.06252
609, 80, 0.06095
610, 80, 0.06252
611, 82, 0.06486
612, 81, 0.06486
613, 83, 0.06564
614, 84, 0.06564
615, 84, 0.06486
616, 85, 0.06642
617, 84, 0.06642
618, 85, 0.06642
619, 86, 0.06720
620, 85, 0.06642
621, 85, 0.06799
622, 86, 0.06799
623, 85, 0.06799
624, 87, 0.06877
625, 88, 0.06955
626, 87, 0.06955
627, 90, 0.07111
628, 90, 0.07189
629, 92, 0.07346
630, 94, 0.07346
631, 94, 0.07424
632, 95, 0.07502
633, 95, 0.07658
634, 97, 0.07580
635, 97, 0.07658
636, 98, 0.07502
637, 96, 0.07424
638, 95, 0.07502
639, 95, 0.07424
640, 95, 0.07502
641, 95, 0.07502
642, 96, 0.07502
643, 96, 0.07502
644, 98, 0.07502
645, 99, 0.07502
646, 99, 0.07814
647, 100, 0.07971
648, 101, 0.08049
649, 102, 0.08127
650, 105, 0.08361
651, 106, 0.08518
652, 107, 0.08674
653, 111, 0.08674
654, 111, 0.08752
655, 114, 0.08987
656, 114, 0.08987
657, 116, 0.09143
658, 116, 0.09143
659, 114, 0.08908
660, 114, 0.08987
661, 114, 0.08987
662, 114, 0.08830
663, 114, 0.08830
664, 112, 0.08674
665, 109, 0.08518
666, 108, 0.08440
667, 108, 0.08361
668, 107, 0.08283
669, 104, 0.08205
670, 105, 0.08127
671, 105, 0.08127
672, 104, 0.07971
673, 102, 0.07971
674, 102, 0.07971
675, 100, 0.07971
676, 99, 0.07814
677, 99, 0.07658
678, 98, 0.07502
679, 98, 0.07580
680, 98, 0.07502
681, 96, 0.07424
682, 95, 0.07424
683, 94, 0.07346
684, 93, 0.07267
685, 92, 0.07267
686, 92, 0.07189
687, 91, 0.07033
688, 91, 0.07111
689, 90, 0.07033
690, 91, 0.07111
691, 90, 0.07111
692, 90, 0.07111
693, 90, 0.07111
694, 90, 0.07033
695, 91, 0.07033
696, 91, 0.07033
697, 92, 0.07267
698, 91, 0.07111
699, 91, 0.07267
700, 93, 0.07189
701, 93, 0.07267
702, 94, 0.07346
703, 94, 0.07346
704, 94, 0.07424
705, 96, 0.07580
706, 97, 0.07424
707, 97, 0.07580
708, 96, 0.07580
709, 97, 0.07502
710, 96, 0.07346
711, 93, 0.07189
712, 92, 0.06877
713, 89, 0.06408
714, 86, 0.06408
715, 80, 0.06095
716, 78, 0.05861
717, 73, 0.05626
718, 69, 0.05236
719, 66, 0.05001
720, 64, 0.04923
721, 61, 0.04689
722, 60, 0.04376
723, 57, 0.04298
724, 55, 0.04220
725, 54, 0.04142
726, 53, 0.04063
727, 52, 0.04063
728, 52, 0.03985
729, 52, 0.03985
730, 51, 0.03985
731, 53, 0.04063
732, 53, 0.04220
733, 54, 0.04298
734, 55, 0.04376
735, 56, 0.04376
736, 57, 0.04532
737, 58, 0.04611
738, 60, 0.04689
739, 60, 0.04767
740, 62, 0.04845
741, 63, 0.05001
742, 62, 0.05158
743, 65, 0.05158
744, 66, 0.05158
745, 67, 0.05158
746, 68, 0.05314
747, 68, 0.05236
748, 69, 0.05470
749, 70, 0.05470
750, 69, 0.05470
751, 70, 0.05470
752, 72, 0.05705
753, 72, 0.05705
754, 71, 0.05705
755, 72, 0.05626
756, 73, 0.05705
757, 73, 0.05705
758, 74, 0.05861
759, 73, 0.05861
760, 75, 0.05783
761, 77, 0.06095
762, 79, 0.06173
763, 79, 0.06252
764, 82, 0.06408
765, 83, 0.06564
766, 85, 0.06720
767, 87, 0.06799
768, 88, 0.06955
769, 90, 0.07111
770, 91, 0.07111
771, 91, 0.07189
772, 92, 0.07267
773, 93, 0.07267
774, 94, 0.07346
775, 94, 0.07346
776, 94, 0.07346
777, 94, 0.07346
778, 94, 0.07424
779, 94, 0.07267
780, 95, 0.07424
781, 92, 0.07424
782, 94, 0.07424
783, 92, 0.07267
784, 93, 0.07189
785, 93, 0.07267
786, 91, 0.07111
787, 91, 0.07189
788, 91, 0.07111
789, 90, 0.07111
790, 91, 0.06955
791, 89, 0.07033
792, 89, 0.06955
793, 90, 0.07033
794, 90, 0.07111
795, 91, 0.07111
796, 92, 0.07267
797, 92, 0.07346
798, 95, 0.07424
799, 94, 0.07502
800, 94, 0.07424
801, 96, 0.07502
802, 96, 0.07580
803, 98, 0.07658
804, 98, 0.07658
805, 96, 0.07658
806, 98, 0.07736
807, 98, 0.07658
808, 99, 0.07658
809, 98, 0.07736
810, 98, 0.07658
811, 99, 0.07580
812, 98, 0.07736
813, 99, 0.07658
814, 97, 0.07814
815, 98, 0.07658
816, 98, 0.07814
817, 97, 0.07658
818, 98, 0.07658
819, 97, 0.07658
820, 97, 0.07580
821, 99, 0.07814
822, 98, 0.07658
823, 99, 0.07736
824, 98, 0.07736
825, 99, 0.07658
826, 97, 0.07736
827, 97, 0.07658
828, 98, 0.07658
829, 97, 0.07502
830, 96, 0.07424
831, 94, 0.07346
832, 94, 0.07267
833, 92, 0.07267
834, 90, 0.07111
835, 90, 0.06799
836, 86, 0.06720
837, 85, 0.06564
838, 83, 0.06486
839, 82, 0.06408
840, 80, 0.06408
841, 80, 0.06252
842, 78, 0.06095
843, 77, 0.06017
844, 76, 0.06017
845, 76, 0.05783
846, 74, 0.05861
847, 73, 0.05783
848, 74, 0.05626
849, 71, 0.05548
850, 70, 0.05470
851, 70, 0.05470
852, 68, 0.05470
853, 67, 0.05158
854, 67, 0.05158
855, 66, 0.05158
856, 64, 0.05079
857, 64, 0.05079
858, 65, 0.04923
859, 64, 0.05158
860, 65, 0.05079
861, 66, 0.05158
862, 66, 0.05236
863, 67, 0.05236
864, 69, 0.05236
865, 69, 0.05470
866, 69, 0.05392
867, 70, 0.05470
868, 71, 0.05626
869, 72, 0.05705
870, 72, 0.05705
871, 73, 0.05783
872, 74, 0.05861
873, 75, 0.05861
874, 76, 0.06017
875, 76, 0.06252
876, 78, 0.06095
877, 80, 0.06017
878, 80, 0.06252
879, 81, 0.06330
880, 82, 0.06408
881, 82, 0.06408
882, 83, 0.06486
883, 83, 0.06564
884, 84, 0.06564
885, 83, 0.06642
886, 83, 0.06486
887, 83, 0.06486
888, 82, 0.06330
889, 80, 0.06252
890, 80, 0.06095
891, 77, 0.05861
892, 75, 0.05861
893, 74, 0.05783
894, 73, 0.05705
895, 73, 0.05626
896, 73, 0.05705
897, 73, 0.05626
898, 73, 0.05783
899, 73, 0.05705
900, 72, 0.05705
901, 74, 0.05783
902, 73, 0.05861
903, 74, 0.05861
904, 76, 0.05861
905, 75, 0.06017
906, 76, 0.06017
907, 77, 0.06095
908, 77, 0.06095
909, 78, 0.06173
910, 80, 0.06173
911, 79, 0.06252
912, 80, 0.06252
913, 79, 0.06252
914, 80, 0.06330
915, 80, 0.06252
916, 79, 0.06173
917, 80, 0.06252
918, 79, 0.06173
919, 78, 0.06173
920, 80, 0.06173
921, 79, 0.06252
922, 79, 0.06017
923, 80, 0.06095
924, 79, 0.06173
925, 79, 0.06173
926, 80, 0.06252
927, 79, 0.06173
928, 79, 0.06095
929, 79, 0.06017
930, 78, 0.06017
931, 78, 0.06095
932, 79, 0.06095
933, 78, 0.06095
934, 79, 0.06173
935, 80, 0.06252
936, 81, 0.06330
937, 82, 0.06330
938, 81, 0.06408
939, 83, 0.06564
940, 84, 0.06642
941, 85, 0.06720
942, 84, 0.06564
943, 85, 0.06642
944, 85, 0.06564
945, 84, 0.06564
946, 84, 0.06642
947, 83, 0.06486
948, 82, 0.06486
949, 83, 0.06408
950, 82, 0.06330
951, 80, 0.06252
952, 80, 0.06252
953, 80, 0.06095
954, 79, 0.06095
955, 78, 0.06095
956, 77, 0.05939
957, 76, 0.06017
958, 76, 0.05783
959, 76, 0.05861
960, 74, 0.05861
961, 74, 0.05705
962, 74, 0.05783
963, 73, 0.05783
964, 72, 0.05705
965, 73, 0.05705
966, 73, 0.05783
967, 73, 0.05626
968, 74, 0.05705
969, 73, 0.05626
970, 72, 0.05626
971, 72, 0.05548
972, 72, 0.05626
973, 72, 0.05626
974, 72, 0.05626
975, 72, 0.05626
976, 72, 0.05626
977, 72, 0.05626
978, 71, 0.05626
979, 72, 0.05705
980, 73, 0.05626
981, 73, 0.05705
982, 73, 0.05705
983, 72, 0.05783
984, 72, 0.05626
985, 71, 0.05548
986, 72, 0.05548
987, 71, 0.05470
988, 69, 0.05314
989, 68, 0.05158
990, 67, 0.05158
991, 66, 0.05079
992, 65, 0.04923
993, 61, 0.04767
994, 60, 0.04611
995, 58, 0.04532
996, 55, 0.04298
997, 54, 0.04142
998, 51, 0.03985
999, 50, 0.03829
1000, 47, 0.03985
1001, 46, 0.03438
1002, 44, 0.03360
1003, 43, 0.03204
1004, 41, 0.03048
1005, 39, 0.03048
1006, 39, 0.02969
1007, 38, 0.02813
1008, 36, 0.02813
1009, 36, 0.02891
1010, 36, 0.02735
1011, 35, 0.02735
1012, 35, 0.02735
1013, 34, 0.02735
1014, 35, 0.02735
1015, 35, 0.02579
1016, 35, 0.02657
1017, 35, 0.02735
1018, 35, 0.02735
1019, 36, 0.02813
1020, 34, 0.02813
1021, 37, 0.02891
1022, 37, 0.02813
1023, 38, 0.02969
1024, 37, 0.03048
1025, 40, 0.03204
1026, 40, 0.03282
1027, 42, 0.03360
1028, 44, 0.03516
1029, 46, 0.03516
1030, 46, 0.03673
1031, 48, 0.03751
1032, 50, 0.03673
1033, 51, 0.03985
1034, 54, 0.04142
1035, 53, 0.04220
1036, 55, 0.04376
1037, 57, 0.04532
1038, 59, 0.04611
1039, 60, 0.04767
1040, 62, 0.05001
1041, 64, 0.05001
1042, 66, 0.05236
1043, 66, 0.05236
1044, 69, 0.05470
1045, 70, 0.05548
1046, 72, 0.05783
1047, 74, 0.05783
1048, 75, 0.06017
1049, 78, 0.06173
1050, 78, 0.06408
1051, 81, 0.06486
1052, 82, 0.06564
1053, 83, 0.06720
1054, 87, 0.06799
1055, 88, 0.06877
1056, 90, 0.07033
1057, 90, 0.07111
1058, 91, 0.07189
1059, 92, 0.07189
1060, 91, 0.07111
1061, 91, 0.07111
1062, 91, 0.07111
1063, 91, 0.07033
1064, 88, 0.06877
1065, 87, 0.06799
1066, 86, 0.06720
1067, 84, 0.06486
1068, 83, 0.06486
1069, 83, 0.06252
1070, 80, 0.06252
1071, 79, 0.06173
1072, 78, 0.06095
1073, 77, 0.05939
1074, 76, 0.06017
1075, 75, 0.05861
1076, 74, 0.05705
1077, 74, 0.05783
1078, 74, 0.05783
1079, 72, 0.05626
1080, 72, 0.05548
1081, 70, 0.05470
1082, 68, 0.05470
1083, 68, 0.05314
1084, 67, 0.05314
1085, 65, 0.05314
1086, 65, 0.05001
1087, 64, 0.05001
1088, 63, 0.04845
1089, 61, 0.04611
1090, 59, 0.04611
1091, 58, 0.04532
1092, 56, 0.04298
1093, 54, 0.04220
1094, 52, 0.03907
1095, 50, 0.03829
1096, 49, 0.03829
1097, 48, 0.03673
1098, 47, 0.03595
1099, 47, 0.03673
1100, 45, 0.03595
1101, 45, 0.03595
1102, 45, 0.03595
1103, 47, 0.03595
1104, 47, 0.03673
1105, 48, 0.03751
1106, 48, 0.04063
1107, 50, 0.03985
1108, 51, 0.03907
1109, 54, 0.04298
1110, 56, 0.04376
1111, 58, 0.04611
1112, 59, 0.04689
1113, 61, 0.04845
1114, 63, 0.05001
1115, 64, 0.05001
1116, 65, 0.05079
1117, 64, 0.05079
1118, 66, 0.05079
1119, 65, 0.05079
1120, 66, 0.05079
1121, 64, 0.05079
1122, 65, 0.05001
1123, 64, 0.05079
1124, 64, 0.05001
1125, 65, 0.05001
1126, 64, 0.04923
1127, 63, 0.04923
1128, 65, 0.05079
1129, 65, 0.05079
1130, 64, 0.05001
1131, 65, 0.05079
1132, 65, 0.05079
1133, 66, 0.05158
1134, 65, 0.05158
1135, 66, 0.05236
1136, 67, 0.05314
1137, 67, 0.05314
1138, 67, 0.05314
1139, 68, 0.05314
1140, 68, 0.05314
1141, 68, 0.05314
1142, 68, 0.05314
1143, 68, 0.05314
1144, 67, 0.05236
1145, 66, 0.05236
1146, 65, 0.05158
1147, 66, 0.05236
1148, 65, 0.05079
1149, 64, 0.05001
1150, 62, 0.04923
1151, 61, 0.04767
1152, 60, 0.04611
1153, 59, 0.04611
1154, 58, 0.04532
1155, 56, 0.04532
1156, 55, 0.04298
1157, 55, 0.04298
1158, 54, 0.04142
1159, 54, 0.04220
1160, 53, 0.04063
1161, 54, 0.04220
1162, 54, 0.04220
1163, 53, 0.04220
1164, 54, 0.04142
1165, 54, 0.04298
1166, 55, 0.04220
1167, 54, 0.04220
1168, 54, 0.04220
1169, 55, 0.04220
1170, 55, 0.04220
1171, 53, 0.04142
1172, 54, 0.04220
1173, 52, 0.04220
1174, 54, 0.04142
1175, 54, 0.04220
1176, 52, 0.04220
1177, 54, 0.04220
1178, 53, 0.04142
1179, 53, 0.04142
1180, 53, 0.04142
1181, 52, 0.04142
1182, 53, 0.04063
1183, 52, 0.04142
1184, 53, 0.04142
1185, 52, 0.04142
1186, 52, 0.04063
1187, 51, 0.04063
1188, 52, 0.03907
1189, 51, 0.03985
1190, 50, 0.03907
1191, 50, 0.03673
1192, 49, 0.03829
1193, 48, 0.03751
1194, 47, 0.03673
1195, 46, 0.03516
1196, 46, 0.03516
1197, 43, 0.03360
1198, 42, 0.03282
1199, 41, 0.03204
1200, 39, 0.03048
1201, 38, 0.02969
1202, 37, 0.02657
1203, 35, 0.02657
1204, 34, 0.02657
1205, 34, 0.02579
1206, 32, 0.02579
1207, 32, 0.02422
1208, 32, 0.02501
1209, 32, 0.02579
1210, 32, 0.02579
1211, 33, 0.02657
1212, 34, 0.02735
1213, 36, 0.02735
1214, 36, 0.02813
1215, 38, 0.03048
1216, 39, 0.03126
1217, 40, 0.03282
1218, 42, 0.03360
1219, 43, 0.03516
1220, 43, 0.03516
1221, 45, 0.03595
1222, 47, 0.03673
1223, 48, 0.03829
1224, 49, 0.03907
1225, 51, 0.03985
1226, 51, 0.04063
1227, 53, 0.04220
1228, 53, 0.04298
1229, 55, 0.04376
1230, 56, 0.04454
1231, 59, 0.04611
1232, 59, 0.04689
1233, 62, 0.04611
1234, 63, 0.04923
1235, 64, 0.05001
1236, 64, 0.05158
1237, 65, 0.05236
1238, 67, 0.05392
1239, 69, 0.05548
1240, 71, 0.05548
1241, 72, 0.05705
1242, 74, 0.05861
1243, 75, 0.05939
1244, 75, 0.06017
1245, 77, 0.06095
1246, 77, 0.06095
1247, 78, 0.06252
1248, 79, 0.06252
1249, 80, 0.06252
1250, 80, 0.06173
1251, 78, 0.06095
1252, 78, 0.06173
1253, 77, 0.06095
1254, 77, 0.06017
1255, 76, 0.06017
1256, 77, 0.06017
1257, 77, 0.06017
1258, 77, 0.06095
1259, 77, 0.06173
1260, 78, 0.06095
1261, 80, 0.06252
1262, 80, 0.06408
1263, 82, 0.06564
1264, 84, 0.06564
1265, 84, 0.06799
1266, 88, 0.06877
1267, 87, 0.07033
1268, 90, 0.07111
1269, 92, 0.07267
1270, 93, 0.07580
1271, 94, 0.07580
1272, 97, 0.07580
1273, 98, 0.07736
1274, 98, 0.07736
1275, 99, 0.07814
1276, 101, 0.07893
1277, 100, 0.07971
1278, 102, 0.08127
1279, 103, 0.08049
1280, 103, 0.08049
1281, 104, 0.08127
1282, 104, 0.08283
1283, 103, 0.08205
1284, 105, 0.08205
1285, 104, 0.08205
1286, 105, 0.08205
1287, 106, 0.08283
1288, 105, 0.08283
1289, 105, 0.08283
1290, 106, 0.08361
1291, 107, 0.08283
1292, 106, 0.08205
1293, 105, 0.08361
1294, 106, 0.08283
1295, 106, 0.08205
1296, 106, 0.08361
1297, 105, 0.08283
1298, 107, 0.08283
1299, 106, 0.08361
1300, 107, 0.08361
1301, 106, 0.08205
1302, 107, 0.08283
1303, 106, 0.08440
1304, 106, 0.08205
1305, 106, 0.08205
1306, 106, 0.08283
1307, 106, 0.08283
1308, 106, 0.08205
1309, 105, 0.08205
1310, 105, 0.08127
1311, 104, 0.08127
1312, 105, 0.08127
1313, 104, 0.08049
1314, 103, 0.07971
1315, 102, 0.07971
1316, 101, 0.07893
1317, 100, 0.07893
1318, 99, 0.07736
1319, 100, 0.07814
1320, 98, 0.07658
1321, 98, 0.07658
1322, 95, 0.07502
1323, 95, 0.07424
1324, 95, 0.07346
1325, 93, 0.07033
1326, 92, 0.07111
1327, 91, 0.07033
1328, 89, 0.06877
1329, 88, 0.06799
1330, 85, 0.06720
1331, 84, 0.06642
1332, 84, 0.06486
1333, 81, 0.06408
1334, 80, 0.06252
1335, 80, 0.06173
1336, 77, 0.06095
1337, 77, 0.05939
1338, 76, 0.05783
1339, 75, 0.05861
1340, 73, 0.05861
1341, 72, 0.05705
1342, 72, 0.05548
1343, 70, 0.05470
1344, 69, 0.05392
1345, 69, 0.05392
1346, 68, 0.05314
1347, 66, 0.05236
1348, 67, 0.05314
1349, 65, 0.05158
1350, 64, 0.05001
1351, 65, 0.05079
1352, 64, 0.04923
1353, 63, 0.05001
1354, 63, 0.04923
1355, 61, 0.04689
1356, 62, 0.04767
1357, 61, 0.04767
1358, 60, 0.04689
1359, 59, 0.04689
1360, 59, 0.04611
1361, 59, 0.04532
1362, 58, 0.04532
1363, 58, 0.04454
1364, 57, 0.04532
1365, 56, 0.04376
1366, 55, 0.04298
1367, 55, 0.04298
1368, 55, 0.04220
1369, 54, 0.04063
1370, 53, 0.03985
1371, 52, 0.04142
1372, 52, 0.04063
1373, 52, 0.03985
1374, 50, 0.03907
1375, 50, 0.03907
1376, 49, 0.03751
1377, 48, 0.03673
1378, 47, 0.03673
1379, 46, 0.03595
1380, 45, 0.03595
1381, 45, 0.03516
1382, 44, 0.03438
1383, 44, 0.03438
1384, 44, 0.03360
1385, 43, 0.03438
1386, 43, 0.03360
1387, 44, 0.03438
1388, 44, 0.03438
1389, 44, 0.03438
1390, 45, 0.03438
1391, 45, 0.03516
1392, 44, 0.03595
1393, 46, 0.03673
1394, 48, 0.03751
1395, 48, 0.03673
1396, 50, 0.03907
1397, 51, 0.04063
1398, 53, 0.04142
1399, 54, 0.04298
1400, 55, 0.04454
1401, 58, 0.04689
1402, 61, 0.05079
1403, 63, 0.05001
1404, 64, 0.05079
1405, 66, 0.05158
1406, 70, 0.05470
1407, 70, 0.05626
1408, 72, 0.05783
1409, 75, 0.05861
1410, 78, 0.06095
1411, 79, 0.06173
1412, 80, 0.06252
1413, 82, 0.06408
1414, 83, 0.06564
1415, 84, 0.06720
1416, 87, 0.06720
1417, 87, 0.06799
1418, 89, 0.06955
1419, 90, 0.07189
1420, 90, 0.07189
1421, 92, 0.07111
1422, 92, 0.07267
1423, 94, 0.07346
1424, 94, 0.07424
1425, 96, 0.07658
1426, 96, 0.07658
1427, 97, 0.07736
1428, 98, 0.07736
1429, 100, 0.07893
1430, 101, 0.07971
1431, 104, 0.08127
1432, 104, 0.08283
1433, 107, 0.08361
1434, 107, 0.08440
1435, 109, 0.08596
1436, 111, 0.08752
1437, 112, 0.08752
1438, 113, 0.08908
1439, 116, 0.09065
1440, 118, 0.09143
1441, 118, 0.09299
1442, 120, 0.09299
1443, 121, 0.09455
1444, 122, 0.09221
1445, 122, 0.09690
1446, 123, 0.09612
1447, 124, 0.09690
1448, 124, 0.09768
1449, 124, 0.09768
1450, 125, 0.09768
1451, 126, 0.09612
1452, 125, 0.09846
1453, 127, 0.09924
1454, 126, 0.09846
1455, 126, 0.09846
1456, 126, 0.09846
1457, 126, 0.09846
1458, 126, 0.09768
1459, 125, 0.09846
1460, 124, 0.09768
1461, 124, 0.09690
1462, 125, 0.09690
1463, 124, 0.09534
1464, 123, 0.09612
1465, 122, 0.09534
1466, 122, 0.09455
1467, 121, 0.09455
1468, 121, 0.09455
1469, 120, 0.09299
1470, 119, 0.09377
1471, 119, 0.09221
1472, 119, 0.09221
1473, 118, 0.09143
1474, 116, 0.09143
1475, 116, 0.09065
1476, 114, 0.08908
1477, 114, 0.08908
1478, 113, 0.08830
1479, 112, 0.08752
1480, 111, 0.08674
1481, 110, 0.08518
1482, 109, 0.08361
1483, 108, 0.08205
1484, 107, 0.08283
1485, 104, 0.08127
1486, 103, 0.08049
1487, 102, 0.07971
1488, 100, 0.07814
1489, 99, 0.07658
1490, 97, 0.07502
1491, 95, 0.07346
1492, 93, 0.07267
1493, 92, 0.07267
1494, 91, 0.07111
1495, 89, 0.06955
1496, 87, 0.06799
1497, 88, 0.06564
1498, 86, 0.06642
1499, 85, 0.06486
1500, 83, 0.06486
1501, 82, 0.06330
1502, 80, 0.06330
1503, 79, 0.06252
1504, 81, 0.06330
1505, 78, 0.06095
1506, 77, 0.06017
1507, 77, 0.06017
1508, 75, 0.05783
1509, 75, 0.05783
1510, 74, 0.05705
1511, 72, 0.05626
1512, 72, 0.05548
1513, 71, 0.05548
1514, 70, 0.05470
1515, 69, 0.05392
1516, 69, 0.05236
1517, 68, 0.05314
1518, 67, 0.05158
1519, 66, 0.05158
1520, 67, 0.05392
1521, 66, 0.05079
1522, 66, 0.05001
1523, 65, 0.05001
1524, 65, 0.05079
1525, 65, 0.05001
1526, 63, 0.05001
1527, 63, 0.04923
1528, 62, 0.04689
1529, 62, 0.04767
1530, 61, 0.04767
1531, 60, 0.04767
1532, 60, 0.04689
1533, 60, 0.04689
1534, 59, 0.04689
1535, 59, 0.04611
1536, 58, 0.04532
1537, 58, 0.04532
1538, 56, 0.04532
1539, 58, 0.04454
1540, 57, 0.04454
1541, 57, 0.04376
1542, 56, 0.04376
1543, 55, 0.04298
1544, 55, 0.04298
1545, 54, 0.04298
1546, 53, 0.04220
1547, 53, 0.04142
1548, 52, 0.04142
1549, 51, 0.04063
1550, 52, 0.04142
1551, 52, 0.03907
1552, 51, 0.03907
1553, 51, 0.03907
1554, 50, 0.03985
1555, 51, 0.03907
1556, 50, 0.03985
1557, 50, 0.03985
1558, 50, 0.03907
1559, 51, 0.03985
1560, 52, 0.03985
1561, 52, 0.04142
1562, 52, 0.04063
1563, 52, 0.04142
1564, 53, 0.04220
1565, 55, 0.04298
1566, 56, 0.04376
1567, 56, 0.04454
1568, 59, 0.04689
1569, 60, 0.04767
1570, 62, 0.05001
1571, 64, 0.05079
1572, 65, 0.05236
1573, 68, 0.05392
1574, 71, 0.05783
1575, 74, 0.05783
1576, 75, 0.06017
1577, 78, 0.06173
1578, 81, 0.06408
1579, 83, 0.06564
1580, 86, 0.06799
1581, 89, 0.07033
1582, 90, 0.07111
1583, 91, 0.07267
1584, 95, 0.07502
1585, 97, 0.07658
1586, 98, 0.07658
1587, 101, 0.07814
1588, 101, 0.08049
1589, 104, 0.08127
1590, 104, 0.08205
1591, 105, 0.08283
1592, 106, 0.08283
1593, 106, 0.08440
1594, 107, 0.08440
1595, 109, 0.08518
1596, 109, 0.08518
1597, 111, 0.08518
1598, 109, 0.08518
1599, 111, 0.08596
1600, 109, 0.08596
1601, 109, 0.08518
1602, 109, 0.08596
1603, 109, 0.08440
1604, 107, 0.08440
1605, 108, 0.08518
1606, 107, 0.08361
1607, 108, 0.08596
1608, 108, 0.08361
1609, 107, 0.08283
1610, 107, 0.08361
1611, 107, 0.08283
1612, 105, 0.08205
1613, 105, 0.08205
1614, 106, 0.08283
1615, 105, 0.08127
1616, 104, 0.08127
1617, 104, 0.08127
1618, 104, 0.08127
1619, 104, 0.08127
1620, 104, 0.08127
1621, 104, 0.08127
1622, 104, 0.08127
1623, 105, 0.08049
1624, 103, 0.08127
1625, 104, 0.08127
1626, 104, 0.08127
1627, 104, 0.08127
1628, 104, 0.08127
1629, 104, 0.08205
1630, 104, 0.08205
1631, 105, 0.08205
1632, 104, 0.08127
1633, 104, 0.08205
1634, 105, 0.08205
1635, 106, 0.08205
1636, 104, 0.08127
1637, 104, 0.08127
1638, 105, 0.08205
1639, 104, 0.08127
1640, 104, 0.08127
1641, 104, 0.08127
1642, 105, 0.08127
1643, 104, 0.08205
1644, 105, 0.08127
1645, 103, 0.08127
1646, 102, 0.08049
1647, 103, 0.08127
1648, 102, 0.07971
1649, 101, 0.07971
1650, 99, 0.07814
1651, 101, 0.07814
1652, 99, 0.07736
1653, 99, 0.07580
1654, 98, 0.07502
1655, 96, 0.07502
1656, 96, 0.07580
1657, 93, 0.07346
1658, 93, 0.07346
1659, 92, 0.07267
1660, 92, 0.07189
1661, 90, 0.07033
1662, 88, 0.06955
1663, 87, 0.06799
1664, 87, 0.06720
1665, 84, 0.06486
1666, 83, 0.06408
1667, 82, 0.06330
1668, 80, 0.06252
1669, 78, 0.06017
1670, 76, 0.06017
1671, 74, 0.05861
1672, 73, 0.05705
1673, 71, 0.05548
1674, 69, 0.05470
1675, 69, 0.05236
1676, 67, 0.05236
1677, 67, 0.05079
1678, 65, 0.05001
1679, 64, 0.04923
1680, 62, 0.04923
1681, 61, 0.04845
1682, 61, 0.04611
1683, 59, 0.04611
1684, 58, 0.04454
1685, 58, 0.04454
1686, 56, 0.04454
1687, 57, 0.04298
1688, 57, 0.04298
1689, 55, 0.04220
1690, 54, 0.04220
1691, 52, 0.04142
1692, 52, 0.04063
1693, 52, 0.03985
1694, 50, 0.03907
1695, 51, 0.04063
1696, 50, 0.03985
1697, 50, 0.03985
1698, 50, 0.03907
1699, 50, 0.03829
1700, 50, 0.03751
1701, 49, 0.03751
1702, 49, 0.03829
1703, 48, 0.03829
1704, 50, 0.03751
1705, 48, 0.03751
1706, 48, 0.03673
1707, 48, 0.03751
1708, 48, 0.03829
1709, 48, 0.03751
1710, 49, 0.03673
1711, 48, 0.03751
1712, 48, 0.03751
1713, 47, 0.03673
1714, 48, 0.03751
1715, 48, 0.03829
1716, 48, 0.03673
1717, 47, 0.03829
1718, 47, 0.03751
1719, 48, 0.03829
1720, 48, 0.03673
1721, 48, 0.03751
1722, 48, 0.03907
1723, 48, 0.03751
1724, 49, 0.03907
1725, 49, 0.03985
1726, 51, 0.04063
1727, 53, 0.04063
1728, 52, 0.04063
1729, 52, 0.04142
1730, 54, 0.04220
1731, 54, 0.04298
1732, 56, 0.04454
1733, 57, 0.04532
1734, 58, 0.04611
1735, 59, 0.04689
1736, 60, 0.04689
1737, 61, 0.04845
1738, 63, 0.05001
1739, 64, 0.05001
1740, 66, 0.05158
1741, 67, 0.05236
1742, 68, 0.05314
1743, 69, 0.05470
1744, 71, 0.05470
1745, 72, 0.05626
1746, 74, 0.05783
1747, 75, 0.05783
1748, 76, 0.06017
1749, 78, 0.05939
1750, 78, 0.06017
1751, 81, 0.06330
1752, 81, 0.06408
1753, 85, 0.06486
1754, 85, 0.06486
1755, 87, 0.06799
1756, 88, 0.06955
1757, 88, 0.06799
1758, 90, 0.07111
1759, 92, 0.07267
1760, 93, 0.07346
1761, 96, 0.07424
1762, 96, 0.07267
1763, 98, 0.07658
1764, 99, 0.07814
1765, 99, 0.07893
1766, 101, 0.08049
1767, 103, 0.08049
1768, 105, 0.08205
1769, 106, 0.08283
1770, 106, 0.08361
1771, 107, 0.08205
1772, 109, 0.08518
1773, 110, 0.08596
1774, 110, 0.08674
1775, 111, 0.08752
1776, 112, 0.08830
1777, 113, 0.08830
1778, 114, 0.08908
1779, 114, 0.08987
1780, 115, 0.08908
1781, 115, 0.08987
1782, 115, 0.09065
1783, 116, 0.09065
1784, 117, 0.09065
1785, 116, 0.09065
1786, 115, 0.08987
1787, 116, 0.09065
1788, 116, 0.08987
1789, 115, 0.08987
1790, 115, 0.08908
1791, 114, 0.08830
1792, 113, 0.08908
1793, 113, 0.08908
1794, 112, 0.08674
1795, 111, 0.08752
1796, 111, 0.08674
1797, 109, 0.08518
1798, 107, 0.08518
1799, 108, 0.08440
1800, 107, 0.08283
1801, 107, 0.08440
1802, 104, 0.08205
1803, 103, 0.08127
1804, 104, 0.07971
1805, 103, 0.08049
1806, 104, 0.08127
1807, 102, 0.07893
1808, 101, 0.07893
1809, 101, 0.07971
1810, 101, 0.07971
1811, 101, 0.07893
1812, 101, 0.07893
1813, 101, 0.07893
1814, 102, 0.07971
1815, 104, 0.08049
1816, 102, 0.08049
1817, 102, 0.08049
1818, 104, 0.08205
1819, 104, 0.08127
1820, 104, 0.08205
1821, 105, 0.08283
1822, 106, 0.08283
1823, 106, 0.08283
1824, 107, 0.08361
1825, 107, 0.08361
1826, 107, 0.08518
1827, 108, 0.08440
1828, 109, 0.08440
1829, 109, 0.08596
1830, 110, 0.08596
1831, 110, 0.08674
1832, 110, 0.08596
1833, 111, 0.08674
1834, 111, 0.08674
1835, 111, 0.08674
1836, 112, 0.08752
1837, 112, 0.08830
1838, 112, 0.08830
1839, 114, 0.08752
1840, 112, 0.08830
1841, 112, 0.08830
1842, 114, 0.08908
1843, 114, 0.08908
1844, 115, 0.08908
1845, 115, 0.09065
1846, 116, 0.08908
1847, 115, 0.08987
1848, 115, 0.09143
1849, 115, 0.08987
1850, 115, 0.09065
1851, 116, 0.08987
1852, 116, 0.09065
1853, 116, 0.09065
1854, 115, 0.09065
1855, 115, 0.08987
1856, 116, 0.08987
1857, 116, 0.09065
1858, 115, 0.09065
1859, 116, 0.08987
1860, 116, 0.09065
1861, 116, 0.09065
1862, 116, 0.09065
1863, 117, 0.08987
1864, 116, 0.09065
1865, 115, 0.08987
1866, 115, 0.09065
1867, 115, 0.08987
1868, 115, 0.09065
1869, 115, 0.08987
1870, 116, 0.09065
1871, 115, 0.09065
1872, 115, 0.08987
1873, 115, 0.08987
1874, 116, 0.08987
1875, 114, 0.09065
1876, 115, 0.08987
1877, 115, 0.08987
1878, 115, 0.09065
1879, 115, 0.08987
1880, 117, 0.08987
1881, 116, 0.09143
1882, 116, 0.09143
1883, 117, 0.09143
1884, 116, 0.09143
1885, 118, 0.09221
1886, 119, 0.09377
1887, 121, 0.09455
1888, 121, 0.09534
1889, 122, 0.09612
1890, 123, 0.09768
1891, 125, 0.09846
1892, 128, 0.10002
1893, 128, 0.10081
1894, 131, 0.10159
1895, 132, 0.10393
1896, 133, 0.10549
1897, 137, 0.10706
1898, 138, 0.10862
1899, 140, 0.10940
1900, 142, 0.11175
1901, 144, 0.11175
1902, 144, 0.11409
1903, 146, 0.11409
1904, 146, 0.11409
1905, 146, 0.11487
1906, 146, 0.11565
1907, 147, 0.11565
1908, 148, 0.11565
1909, 148, 0.11565
1910, 148, 0.11487
1911, 147, 0.11565
1912, 148, 0.11565
1913, 147, 0.11487
1914, 147, 0.11409
1915, 147, 0.11487
1916, 146, 0.11487
1917, 146, 0.11409
1918, 146, 0.11409
1919, 146, 0.11487
1920, 146, 0.11409
1921, 146, 0.11487
1922, 147, 0.11409
1923, 146, 0.11409
1924, 146, 0.11409
1925, 147, 0.11487
1926, 148, 0.11487
1927, 148, 0.11565
1928, 148, 0.11643
1929, 149, 0.11722
1930, 150, 0.11722
1931, 151, 0.11722
1932, 152, 0.11878
1933, 151, 0.11878
1934, 153, 0.12034
1935, 155, 0.12034
1936, 156, 0.12112
1937, 155, 0.12034
1938, 158, 0.12347
1939, 158, 0.12425
1940, 161, 0.12503
1941, 162, 0.12659
1942, 161, 0.12816
1943, 164, 0.12894
1944, 165, 0.12972
1945, 168, 0.12972
1946, 168, 0.13128
1947, 170, 0.13284
1948, 171, 0.13363
1949, 174, 0.13441
1950, 174, 0.13519
1951, 175, 0.13675
1952, 176, 0.13832
1953, 178, 0.13832
1954, 178, 0.13910
1955, 178, 0.13910
1956, 180, 0.13910
1957, 179, 0.14066
1958, 181, 0.14066
1959, 178, 0.14066
1960, 180, 0.14066
1961, 180, 0.14066
1962, 179, 0.14066
1963, 179, 0.13988
1964, 179, 0.13832
1965, 177, 0.13910
1966, 176, 0.13753
1967, 176, 0.13832
1968, 175, 0.13519
1969, 172, 0.13363
1970, 169, 0.13128
1971, 167, 0.13050
1972, 165, 0.12894
1973, 163, 0.12581
1974, 160, 0.12503
1975, 158, 0.12190
1976, 157, 0.12112
1977, 152, 0.11878
1978, 149, 0.11643
1979, 146, 0.11331
1980, 143, 0.11253
1981, 141, 0.10940
1982, 140, 0.10784
1983, 137, 0.10549
1984, 135, 0.10471
1985, 131, 0.10237
1986, 130, 0.10237
1987, 130, 0.10081
1988, 128, 0.09924
1989, 127, 0.09846
1990, 126, 0.09846
1991, 124, 0.09690
1992, 124, 0.09768
1993, 123, 0.09690
1994, 124, 0.09690
1995, 124, 0.09690
1996, 124, 0.09612
1997, 124, 0.09846
1998, 125, 0.09768
1999, 125, 0.09768
2000, 125, 0.09768
2001, 124, 0.09768
2002, 126, 0.09846
2003, 126, 0.09846
2004, 126, 0.09768
2005, 125, 0.09846
2006, 126, 0.09846
2007, 126, 0.09846
2008, 125, 0.09846
2009, 125, 0.09768
2010, 125, 0.09846
2011, 126, 0.09846
2012, 125, 0.09768
2013, 125, 0.09846
2014, 125, 0.09768
2015, 125, 0.09768
2016, 124, 0.09768
2017, 125, 0.09690
2018, 125, 0.09768
2019, 126, 0.09690
2020, 125, 0.09768
2021, 124, 0.09690
2022, 124, 0.09768
2023, 123, 0.09690
2024, 124, 0.09690
2025, 123, 0.09768
2026, 124, 0.09612
2027, 123, 0.09612
2028, 123, 0.09612
2029, 124, 0.09690
2030, 123, 0.09690
2031, 123, 0.09690
2032, 123, 0.09612
2033, 123, 0.09768
2034, 124, 0.09612
2035, 122, 0.09612
2036, 123, 0.09612
2037, 122, 0.09690
2038, 123, 0.09690
2039, 123, 0.09612
2040, 123, 0.09690
2041, 124, 0.09690
2042, 124, 0.09690
2043, 124, 0.09612
2044, 124, 0.09612
2045, 123, 0.09690
2046, 124, 0.09768
2047, 124, 0.09690
2048, 124, 0.09690
2049, 124, 0.09690
2050, 125, 0.09768
2051, 124, 0.09768
2052, 124, 0.09768
2053, 126, 0.09768
2054, 125, 0.09768
2055, 125, 0.09846
2056, 125, 0.09846
2057, 126, 0.09846
2058, 126, 0.09924
2059, 128, 0.09924
2060, 128, 0.10002
2061, 127, 0.10002
2062, 128, 0.10002
2063, 128, 0.10081
2064, 129, 0.10002
2065, 130, 0.10002
2066, 130, 0.10159
2067, 130, 0.10081
2068, 130, 0.10159
2069, 131, 0.10081
2070, 129, 0.10159
2071, 130, 0.10159
2072, 131, 0.10159
2073, 130, 0.10159
2074, 130, 0.10159
2075, 130, 0.10081
2076, 131, 0.10159
2077, 130, 0.10237
2078, 130, 0.10002
2079, 130, 0.10159
2080, 130, 0.10081
2081, 129, 0.10002
2082, 129, 0.10081
2083, 129, 0.10081
2084, 129, 0.10081
2085, 128, 0.10002
2086, 127, 0.10002
2087, 127, 0.09924
2088, 128, 0.10002
2089, 128, 0.09924
2090, 127, 0.09846
2091, 126, 0.09846
2092, 125, 0.09768
2093, 127, 0.09690
2094, 125, 0.09846
2095, 125, 0.09846
2096, 125, 0.09846
2097, 126, 0.09846
2098, 126, 0.09768
2099, 127, 0.09846
2100, 125, 0.09846
2101, 125, 0.09846
2102, 127, 0.09768
2103, 127, 0.10002
2104, 127, 0.10002
2105, 128, 0.10002
2106, 128, 0.10081
2107, 129, 0.10081
2108, 130, 0.10159
2109, 132, 0.10315
2110, 132, 0.10315
2111, 133, 0.10471
2112, 134, 0.10471
2113, 135, 0.10628
2114, 138, 0.10784
2115, 139, 0.10862
2116, 140, 0.11096
2117, 143, 0.11175
2118, 144, 0.11409
2119, 146, 0.11487
2120, 148, 0.11722
2121, 151, 0.11878
2122, 154, 0.12034
2123, 156, 0.12190
2124, 160, 0.12425
2125, 162, 0.12737
2126, 164, 0.12894
2127, 167, 0.13128
2128, 169, 0.13363
2129, 174, 0.13597
2130, 176, 0.13753
2131, 178, 0.13988
2132, 181, 0.14144
2133, 182, 0.14300
2134, 182, 0.14300
2135, 183, 0.14300
2136, 184, 0.14379
2137, 183, 0.14379
2138, 183, 0.14379
2139, 183, 0.14222
2140, 182, 0.14066
2141, 181, 0.14144
2142, 180, 0.13988
2143, 178, 0.13910
2144, 176, 0.13753
2145, 175, 0.13675
2146, 174, 0.13441
2147, 172, 0.13363
2148, 170, 0.13206
2149, 168, 0.13050
2150, 165, 0.12894
2151, 162, 0.12737
2152, 162, 0.12659
2153, 159, 0.12425
2154, 157, 0.12190
2155, 155, 0.12034
2156, 153, 0.12034
2157, 151, 0.11722
2158, 149, 0.11643
2159, 146, 0.11409
2160, 145, 0.11331
2161, 142, 0.11175
2162, 140, 0.11018
2163, 140, 0.10862
2164, 136, 0.10706
2165, 136, 0.10628
2166, 135, 0.10471
2167, 133, 0.10237
2168, 131, 0.10315
2169, 129, 0.10081
2170, 129, 0.09768
2171, 127, 0.10002
2172, 126, 0.09846
2173, 123, 0.09690
2174, 123, 0.09612
2175, 122, 0.09534
2176, 120, 0.09455
2177, 120, 0.09377
2178, 118, 0.09299
2179, 118, 0.09221
2180, 116, 0.09143
2181, 116, 0.09065
2182, 115, 0.08987
2183, 114, 0.08908
2184, 113, 0.08830
2185, 112, 0.08752
2186, 112, 0.08674
2187, 108, 0.08596
2188, 110, 0.08518
2189, 107, 0.08361
2190, 107, 0.08361
2191, 106, 0.08361
2192, 106, 0.08205
2193, 105, 0.08205
2194, 104, 0.08127
2195, 104, 0.08127
2196, 103, 0.08049
2197, 102, 0.07971
2198, 102, 0.07971
2199, 102, 0.07971
2200, 102, 0.07971
2201, 101, 0.08049
2202, 101, 0.07893
2203, 102, 0.07971
2204, 101, 0.07893
2205, 100, 0.07893
2206, 99, 0.07893
2207, 101, 0.07814
2208, 100, 0.07814
2209, 100, 0.07893
2210, 101, 0.07893
2211, 101, 0.07893
2212, 101, 0.07893
2213, 102, 0.07893
2214, 103, 0.08049
2215, 102, 0.07971
2216, 104, 0.08127
2217, 105, 0.08283
2218, 105, 0.08361
2219, 108, 0.08518
2220, 109, 0.08596
2221, 112, 0.08674
2222, 113, 0.08987
2223, 115, 0.09065
2224, 118, 0.09221
2225, 119, 0.09299
2226, 119, 0.09299
2227, 121, 0.09299
2228, 119, 0.09299
2229, 120, 0.09377
2230, 119, 0.09299
2231, 118, 0.09143
2232, 116, 0.09065
2233, 116, 0.09065
2234, 115, 0.08987
2235, 113, 0.08908
2236, 112, 0.08830
2237, 111, 0.08752
2238, 111, 0.08674
2239, 110, 0.08674
2240, 110, 0.08518
2241, 109, 0.08674
2242, 110, 0.08596
2243, 109, 0.08518
2244, 110, 0.08596
2245, 109, 0.08518
2246, 111, 0.08596
2247, 109, 0.08596
2248, 109, 0.08596
2249, 110, 0.08518
2250, 109, 0.08596
2251, 110, 0.08596
2252, 111, 0.08674
2253, 112, 0.08752
2254, 111, 0.08752
2255, 112, 0.08752
2256, 113, 0.08752
2257, 112, 0.08752
2258, 116, 0.08987
2259, 117, 0.09143
2260, 118, 0.09221
2261, 118, 0.09299
2262, 119, 0.09377
2263, 119, 0.09377
2264, 122, 0.09534
2265, 123, 0.09612
2266, 124, 0.09690
2267, 124, 0.09768
2268, 126, 0.09924
2269, 128, 0.10002
2270, 129, 0.10159
2271, 130, 0.10315
2272, 131, 0.10393
2273, 133, 0.10549
2274, 136, 0.10628
2275, 136, 0.10628
2276, 139, 0.10784
2277, 139, 0.10940
2278, 141, 0.11018
2279, 142, 0.11096
2280, 144, 0.11253
2281, 144, 0.11409
2282, 147, 0.11487
2283, 148, 0.11565
2284, 149, 0.11722
2285, 150, 0.11800
2286, 149, 0.11487
2287, 152, 0.11956
2288, 154, 0.11956
2289, 154, 0.12034
2290, 155, 0.12112
2291, 155, 0.12112
2292, 156, 0.12112
2293, 157, 0.12269
2294, 156, 0.12112
2295, 157, 0.12269
2296, 157, 0.12269
2297, 158, 0.12347
2298, 159, 0.12347
2299, 159, 0.12425
2300, 159, 0.12581
2301, 160, 0.12425
2302, 161, 0.12581
2303, 160, 0.12659
2304, 161, 0.12737
2305, 162, 0.12659
2306, 161, 0.12737
2307, 163, 0.12659
2308, 162, 0.12737
2309, 163, 0.12659
2310, 162, 0.12659
2311, 162, 0.12581
2312, 161, 0.12503
2313, 160, 0.12581
2314, 160, 0.12581
2315, 161, 0.12581
2316, 158, 0.12347
2317, 156, 0.12190
2318, 155, 0.12112
2319, 154, 0.12034
2320, 153, 0.11878
2321, 151, 0.11878
2322, 150, 0.11722
2323, 148, 0.11565
2324, 147, 0.11487
2325, 146, 0.11409
2326, 145, 0.11253
2327, 143, 0.11175
2328, 141, 0.10940
2329, 141, 0.11018
2330, 138, 0.10862
2331, 137, 0.10706
2332, 136, 0.10628
2333, 134, 0.10549
2334, 133, 0.10393
2335, 131, 0.10159
2336, 130, 0.10159
2337, 129, 0.10159
2338, 128, 0.10002
2339, 125, 0.09846
2340, 124, 0.09690
2341, 123, 0.09534
2342, 122, 0.09534
2343, 121, 0.09455
2344, 119, 0.09299
2345, 120, 0.09534
2346, 117, 0.09065
2347, 115, 0.08987
2348, 115, 0.08908
2349, 114, 0.08908
2350, 113, 0.08752
2351, 112, 0.08674
2352, 110, 0.08440
2353, 108, 0.08440
2354, 107, 0.08361
2355, 106, 0.08283
2356, 105, 0.08205
2357, 104, 0.08127
2358, 102, 0.07971
2359, 102, 0.07971
2360, 101, 0.07893
2361, 100, 0.07814
2362, 98, 0.07736
2363, 98, 0.07658
2364, 98, 0.07580
2365, 97, 0.07658
2366, 96, 0.07424
2367, 94, 0.07424
2368, 95, 0.07424
2369, 93, 0.07346
2370, 93, 0.07267
2371, 92, 0.07267
2372, 91, 0.07111
2373, 91, 0.07111
2374, 91, 0.07111
2375, 90, 0.07033
2376, 91, 0.07033
2377, 89, 0.06955
2378, 89, 0.07033
2379, 88, 0.06877
2380, 88, 0.06877
2381, 88, 0.06955
2382, 86, 0.06799
2383, 87, 0.06799
2384, 85, 0.06642
2385, 86, 0.06799
2386, 87, 0.06720
2387, 86, 0.06799
2388, 86, 0.06564
2389, 85, 0.06720
2390, 85, 0.06642
2391, 86, 0.06720
2392, 85, 0.06720
2393, 85, 0.06642
2394, 86, 0.06642
2395, 85, 0.06642
2396, 86, 0.06720
2397, 86, 0.06720
2398, 85, 0.06799
2399, 87, 0.06799
2400, 88, 0.06799
2401, 88, 0.06877
2402, 89, 0.06955
2403, 88, 0.06955
2404, 91, 0.07189
2405, 92, 0.07111
2406, 92, 0.07267
2407, 93, 0.07346
2408, 93, 0.07502
2409, 96, 0.07580
2410, 98, 0.07736
2411, 98, 0.07736
2412, 102, 0.07971
2413, 102, 0.07971
2414, 105, 0.08205
2415, 106, 0.08361
2416, 108, 0.08518
2417, 110, 0.08674
2418, 111, 0.08752
2419, 112, 0.08830
2420, 114, 0.08908
2421, 115, 0.08987
2422, 115, 0.09143
2423, 116, 0.09065
2424, 116, 0.09065
2425, 116, 0.08987
2426, 115, 0.08987
2427, 116, 0.08987
2428, 114, 0.08987
2429, 114, 0.08908
2430, 114, 0.08908
2431, 113, 0.08830
2432, 112, 0.08830
2433, 112, 0.08830
2434, 112, 0.08674
2435, 112, 0.08752
2436, 112, 0.08752
2437, 112, 0.08752
2438, 112, 0.08830
2439, 113, 0.08830
2440, 114, 0.08752
2441, 114, 0.08830
2442, 113, 0.08987
2443, 114, 0.08908
2444, 114, 0.08987
2445, 116, 0.08987
2446, 116, 0.09065
2447, 116, 0.09065
2448, 117, 0.09143
2449, 119, 0.09143
2450, 119, 0.09299
2451, 119, 0.09377
2452, 120, 0.09377
2453, 123, 0.09455
2454, 123, 0.09612
